0 1 1.000000
0 2 1.000000
0 3 1.000000
0 4 1.000000
0 5 1.000000
0 6 1.000000
0 7 1.000000
0 8 1.000000
0 9 1.000000
0 10 1.000000
0 11 1.000000
0 12 1.000000
0 13 1.000000
0 14 1.000000
0 15 1.000000
0 16 1.000000
0 17 1.000000
0 18 1.000000
0 19 1.000000
0 20 1.000000
0 21 1.000000
0 22 1.000000
0 23 1.000000
0 24 1.000000
0 25 1.000000
0 26 1.000000
0 27 1.000000
0 28 1.000000
0 29 1.000000
0 30 1.000000
0 31 1.000000
0 32 1.000000
0 33 1.000000
0 34 1.000000
0 35 1.000000
0 36 1.000000
0 37 1.000000
0 38 1.000000
0 39 1.000000
0 40 1.000000
0 41 1.000000
0 42 1.000000
0 43 1.000000
0 44 1.000000
0 45 1.000000
0 46 1.000000
0 47 1.000000
0 48 1.000000
0 49 1.000000
0 50 1.000000
0 51 1.000000
0 52 1.000000
0 53 1.000000
0 54 1.000000
0 55 1.000000
0 56 1.000000
0 57 1.000000
0 58 1.000000
0 59 1.000000
0 60 1.000000
0 61 1.000000
0 62 1.000000
0 63 1.000000
0 64 1.000000
0 65 1.000000
0 66 1.000000
0 67 1.000000
0 68 1.000000
0 69 1.000000
0 70 1.000000
0 71 1.000000
0 72 1.000000
0 73 1.000000
0 74 1.000000
0 75 1.000000
0 76 1.000000
0 77 1.000000
0 78 1.000000
0 79 1.000000
0 80 1.000000
0 81 1.000000
0 82 1.000000
0 83 1.000000
0 84 1.000000
0 85 1.000000
0 86 1.000000
0 87 1.000000
0 88 1.000000
0 89 1.000000
0 90 1.000000
0 91 1.000000
0 92 1.000000
0 93 1.000000
0 94 1.000000
0 95 1.000000
0 96 1.000000
0 97 1.000000
0 98 1.000000
0 99 1.000000
0 100 1.000000
0 101 1.000000
0 102 1.000000
0 103 1.000000
0 104 1.000000
0 105 1.000000
0 106 1.000000
0 107 1.000000
0 108 1.000000
0 109 1.000000
0 110 1.000000
0 111 1.000000
0 112 1.000000
0 113 1.000000
0 114 1.000000
0 115 1.000000
0 116 1.000000
0 117 1.000000
0 118 1.000000
0 119 1.000000
0 120 1.000000
0 121 1.000000
0 122 1.000000
0 123 1.000000
0 124 1.000000
0 125 1.000000
0 126 1.000000
0 127 1.000000
0 128 1.000000
0 129 1.000000
0 130 1.000000
0 131 1.000000
0 132 1.000000
0 133 1.000000
0 134 1.000000
0 135 1.000000
0 136 1.000000
0 137 1.000000
0 138 1.000000
0 139 1.000000
0 140 1.000000
0 141 1.000000
0 142 1.000000
0 143 1.000000
0 144 1.000000
0 145 1.000000
0 146 1.000000
0 147 1.000000
0 148 1.000000
0 149 1.000000
0 150 1.000000
0 151 1.000000
0 152 1.000000
0 153 1.000000
0 154 1.000000
0 155 1.000000
0 156 1.000000
0 157 1.000000
0 158 1.000000
0 159 1.000000
0 160 1.000000
0 161 1.000000
0 162 1.000000
0 163 1.000000
0 164 1.000000
0 165 1.000000
0 166 1.000000
0 2101 1.000000
0 2374 1.000000
1 325 1.000000
1 330 1.000000
1 99 1.000000
1 1736 1.000000
2 387 1.000000
2 392 1.000000
2 1639 1.000000
2 83 1.000000
2 1640 1.000000
3 163 1.000000
3 2156 1.000000
3 19 1.000000
3 22 1.000000
3 31 1.000000
3 47 1.000000
3 2157 1.000000
3 1948 1.000000
3 111 1.000000
3 2090 1.000000
4 714 1.000000
4 474 1.000000
4 100 1.000000
5 714 1.000000
5 1754 1.000000
5 93 1.000000
5 94 1.000000
6 60 1.000000
7 223 1.000000
7 58 1.000000
8 164 1.000000
8 1547 1.000000
8 1551 1.000000
9 95 1.000000
9 1784 1.000000
9 1946 1.000000
9 1497 1.000000
10 74 1.000000
10 2413 1.000000
11 161 1.000000
11 2231 1.000000
11 77 1.000000
11 78 1.000000
12 1952 1.000000
12 71 1.000000
13 2468 1.000000
14 1351 1.000000
14 2101 1.000000
14 56 1.000000
14 57 1.000000
15 1337 1.000000
15 1342 1.000000
15 946 1.000000
16 1656 1.000000
16 2203 1.000000
16 86 1.000000
17 490 1.000000
17 760 1.000000
17 2408 1.000000
18 161 1.000000
19 2101 1.000000
19 73 1.000000
20 1976 1.000000
21 101 1.000000
21 2387 1.000000
21 2501 1.000000
22 2539 1.000000
23 1972 1.000000
23 89 1.000000
23 90 1.000000
25 1315 1.000000
26 1857 1.000000
26 1952 1.000000
26 1873 1.000000
27 2137 1.000000
28 161 1.000000
29 52 1.000000
29 1959 1.000000
30 1297 1.000000
30 2044 1.000000
30 2101 1.000000
30 138 1.000000
31 148 1.000000
31 2090 1.000000
32 86 1.000000
32 141 1.000000
33 86 1.000000
34 2268 1.000000
34 78 1.000000
34 2424 1.000000
35 60 1.000000
35 2447 1.000000
35 2632 1.000000
36 2436 1.000000
37 125 1.000000
38 2318 1.000000
39 60 1.000000
40 60 1.000000
40 94 1.000000
42 1351 1.000000
42 2101 1.000000
42 161 1.000000
44 60 1.000000
45 1351 1.000000
45 2101 1.000000
45 161 1.000000
46 1754 1.000000
46 2252 1.000000
46 107 1.000000
46 108 1.000000
47 1663 1.000000
47 2534 1.000000
48 2101 1.000000
48 161 1.000000
48 1354 1.000000
48 301 1.000000
49 1754 1.000000
50 1351 1.000000
50 2101 1.000000
50 161 1.000000
51 167 1.000000
51 2138 1.000000
51 2157 1.000000
52 164 1.000000
52 261 1.000000
52 1308 1.000000
52 1309 1.000000
52 1310 1.000000
52 1311 1.000000
52 1312 1.000000
52 55 1.000000
52 72 1.000000
52 84 1.000000
52 1313 1.000000
52 1314 1.000000
52 112 1.000000
52 1315 1.000000
52 1316 1.000000
52 1317 1.000000
52 1318 1.000000
52 1319 1.000000
52 1030 1.000000
52 956 1.000000
53 192 1.000000
53 1857 1.000000
53 97 1.000000
54 854 1.000000
54 102 1.000000
54 106 1.000000
54 132 1.000000
55 1959 1.000000
55 1310 1.000000
55 1313 1.000000
55 1316 1.000000
56 95 1.000000
56 167 1.000000
56 121 1.000000
56 2253 1.000000
56 2044 1.000000
56 155 1.000000
57 1351 1.000000
58 1806 1.000000
59 1391 1.000000
60 462 1.000000
60 463 1.000000
60 464 1.000000
60 465 1.000000
60 101 1.000000
60 123 1.000000
60 466 1.000000
60 151 1.000000
60 153 1.000000
60 160 1.000000
60 1976 1.000000
61 551 1.000000
61 1148 1.000000
61 1151 1.000000
61 1703 1.000000
61 578 1.000000
62 1755 1.000000
63 956 1.000000
63 160 1.000000
64 1547 1.000000
64 99 1.000000
64 2344 1.000000
64 68 1.000000
65 99 1.000000
65 1736 1.000000
65 1855 1.000000
65 1856 1.000000
66 309 1.000000
66 490 1.000000
66 493 1.000000
66 311 1.000000
66 494 1.000000
66 495 1.000000
66 496 1.000000
66 475 1.000000
66 497 1.000000
66 498 1.000000
66 315 1.000000
67 1168 1.000000
67 99 1.000000
67 2333 1.000000
67 1856 1.000000
67 1170 1.000000
68 1342 1.000000
68 1340 1.000000
68 2344 1.000000
69 1852 1.000000
69 524 1.000000
69 322 1.000000
69 314 1.000000
69 164 1.000000
69 71 1.000000
70 151 1.000000
70 152 1.000000
71 95 1.000000
71 1874 1.000000
71 2372 1.000000
71 2373 1.000000
71 82 1.000000
71 96 1.000000
71 114 1.000000
71 120 1.000000
71 1683 1.000000
71 1951 1.000000
71 2099 1.000000
71 164 1.000000
71 2374 1.000000
72 1168 1.000000
73 2102 1.000000
74 2412 1.000000
74 1810 1.000000
74 1954 1.000000
74 127 1.000000
75 1452 1.000000
75 2258 1.000000
75 2294 1.000000
75 2385 1.000000
76 346 1.000000
76 1663 1.000000
76 363 1.000000
76 98 1.000000
78 2101 1.000000
78 143 1.000000
79 760 1.000000
79 1120 1.000000
79 160 1.000000
79 476 1.000000
80 95 1.000000
80 1171 1.000000
80 1172 1.000000
81 164 1.000000
81 162 1.000000
82 2101 1.000000
82 2374 1.000000
83 384 1.000000
83 1639 1.000000
83 406 1.000000
83 414 1.000000
84 1309 1.000000
84 1311 1.000000
84 192 1.000000
84 1660 1.000000
84 1315 1.000000
84 1319 1.000000
85 1419 1.000000
85 2530 1.000000
86 2174 1.000000
86 98 1.000000
86 107 1.000000
86 139 1.000000
86 140 1.000000
86 141 1.000000
86 142 1.000000
86 147 1.000000
87 111 1.000000
87 1682 1.000000
87 1683 1.000000
88 1972 1.000000
88 89 1.000000
88 157 1.000000
89 1972 1.000000
89 2438 1.000000
89 157 1.000000
89 90 1.000000
90 1972 1.000000
90 2438 1.000000
90 157 1.000000
91 2101 1.000000
91 2445 1.000000
91 92 1.000000
91 465 1.000000
91 2446 1.000000
92 2446 1.000000
93 1754 1.000000
93 1755 1.000000
93 108 1.000000
94 1351 1.000000
94 462 1.000000
94 129 1.000000
94 133 1.000000
94 1354 1.000000
94 165 1.000000
95 1732 1.000000
95 1171 1.000000
95 1172 1.000000
95 1551 1.000000
95 1547 1.000000
95 1497 1.000000
95 1736 1.000000
95 106 1.000000
95 1769 1.000000
95 1770 1.000000
96 164 1.000000
96 1663 1.000000
96 1806 1.000000
96 1807 1.000000
96 1808 1.000000
96 1809 1.000000
96 1810 1.000000
96 1811 1.000000
96 1812 1.000000
96 259 1.000000
96 1813 1.000000
96 1814 1.000000
97 192 1.000000
97 1857 1.000000
98 160 1.000000
99 332 1.000000
99 1855 1.000000
99 1856 1.000000
99 1857 1.000000
99 114 1.000000
99 134 1.000000
99 1814 1.000000
100 1307 1.000000
100 2423 1.000000
100 1988 1.000000
101 1351 1.000000
103 1888 1.000000
103 151 1.000000
104 760 1.000000
104 776 1.000000
104 2359 1.000000
105 1784 1.000000
105 2259 1.000000
105 2261 1.000000
106 1169 1.000000
106 259 1.000000
107 2499 1.000000
107 2500 1.000000
107 2501 1.000000
107 144 1.000000
107 1353 1.000000
107 2502 1.000000
107 466 1.000000
107 147 1.000000
108 2234 1.000000
108 145 1.000000
109 2101 1.000000
109 2503 1.000000
109 115 1.000000
109 2105 1.000000
109 156 1.000000
110 1663 1.000000
110 1937 1.000000
110 1938 1.000000
110 1939 1.000000
110 1940 1.000000
110 1809 1.000000
110 1445 1.000000
110 1662 1.000000
110 1941 1.000000
110 1942 1.000000
110 1943 1.000000
110 126 1.000000
110 1944 1.000000
110 135 1.000000
111 1945 1.000000
111 1621 1.000000
111 1946 1.000000
111 1553 1.000000
111 1947 1.000000
111 1948 1.000000
111 126 1.000000
111 1949 1.000000
111 1950 1.000000
111 1951 1.000000
111 149 1.000000
111 148 1.000000
112 1314 1.000000
112 1959 1.000000
112 1309 1.000000
112 1310 1.000000
112 1312 1.000000
112 1319 1.000000
112 1030 1.000000
113 161 1.000000
114 1857 1.000000
114 2373 1.000000
114 1175 1.000000
114 2530 1.000000
115 2105 1.000000
115 156 1.000000
116 2101 1.000000
116 156 1.000000
117 137 1.000000
118 124 1.000000
118 2370 1.000000
119 161 1.000000
120 1809 1.000000
120 127 1.000000
120 2527 1.000000
120 136 1.000000
120 2528 1.000000
120 2253 1.000000
120 148 1.000000
120 2137 1.000000
121 436 1.000000
121 2529 1.000000
121 2423 1.000000
122 1355 1.000000
123 124 1.000000
124 2531 1.000000
126 1952 1.000000
127 1952 1.000000
127 2535 1.000000
127 2536 1.000000
127 1953 1.000000
127 1954 1.000000
128 1810 1.000000
128 1811 1.000000
129 161 1.000000
129 165 1.000000
129 463 1.000000
129 2544 1.000000
130 1547 1.000000
130 2136 1.000000
130 2542 1.000000
131 1873 1.000000
131 2441 1.000000
131 1992 1.000000
131 1939 1.000000
131 1485 1.000000
132 2374 1.000000
133 1754 1.000000
133 2136 1.000000
134 2373 1.000000
134 1993 1.000000
136 301 1.000000
136 2547 1.000000
138 2101 1.000000
138 1282 1.000000
139 142 1.000000
140 142 1.000000
143 161 1.000000
144 1173 1.000000
144 2499 1.000000
144 2500 1.000000
144 2502 1.000000
146 163 1.000000
146 1963 1.000000
147 1173 1.000000
147 2501 1.000000
148 1946 1.000000
148 1949 1.000000
148 149 1.000000
148 161 1.000000
149 2015 1.000000
149 1980 1.000000
149 2016 1.000000
150 2027 1.000000
150 2028 1.000000
150 1389 1.000000
151 1959 1.000000
151 1976 1.000000
151 152 1.000000
152 2325 1.000000
154 155 1.000000
154 2674 1.000000
155 2090 1.000000
155 1188 1.000000
155 1750 1.000000
155 1751 1.000000
157 1972 1.000000
158 2099 1.000000
159 714 1.000000
159 756 1.000000
160 2101 1.000000
160 2108 1.000000
160 2109 1.000000
160 2110 1.000000
160 166 1.000000
160 2255 1.000000
161 463 1.000000
161 2105 1.000000
161 2113 1.000000
161 1770 1.000000
162 2116 1.000000
162 983 1.000000
162 1484 1.000000
162 1483 1.000000
162 2312 1.000000
163 1164 1.000000
163 1165 1.000000
163 1166 1.000000
163 1167 1.000000
163 956 1.000000
164 244 1.000000
164 245 1.000000
164 246 1.000000
164 247 1.000000
164 248 1.000000
164 249 1.000000
164 250 1.000000
164 251 1.000000
164 216 1.000000
164 252 1.000000
164 253 1.000000
164 254 1.000000
164 255 1.000000
164 256 1.000000
164 257 1.000000
164 258 1.000000
164 259 1.000000
164 260 1.000000
164 261 1.000000
164 262 1.000000
164 263 1.000000
164 264 1.000000
164 212 1.000000
166 2101 1.000000
167 168 1.000000
167 169 1.000000
169 1493 1.000000
169 2420 1.000000
169 2421 1.000000
169 2422 1.000000
170 171 1.000000
170 172 1.000000
170 173 1.000000
170 174 1.000000
170 175 1.000000
170 176 1.000000
170 177 1.000000
170 178 1.000000
170 179 1.000000
170 180 1.000000
170 181 1.000000
170 182 1.000000
170 183 1.000000
170 184 1.000000
170 185 1.000000
170 186 1.000000
170 187 1.000000
170 188 1.000000
170 189 1.000000
170 190 1.000000
170 191 1.000000
170 192 1.000000
170 193 1.000000
170 194 1.000000
170 195 1.000000
170 196 1.000000
170 197 1.000000
170 198 1.000000
170 199 1.000000
170 200 1.000000
170 201 1.000000
170 202 1.000000
170 203 1.000000
170 204 1.000000
170 205 1.000000
170 206 1.000000
170 207 1.000000
170 208 1.000000
170 209 1.000000
170 210 1.000000
170 211 1.000000
170 212 1.000000
171 261 1.000000
171 225 1.000000
171 1529 1.000000
171 938 1.000000
172 207 1.000000
173 337 1.000000
173 1665 1.000000
174 223 1.000000
174 1284 1.000000
174 949 1.000000
175 940 1.000000
175 261 1.000000
175 974 1.000000
176 261 1.000000
176 938 1.000000
176 974 1.000000
177 936 1.000000
177 261 1.000000
177 938 1.000000
178 185 1.000000
179 261 1.000000
179 197 1.000000
180 943 1.000000
180 1438 1.000000
180 221 1.000000
181 743 1.000000
182 262 1.000000
183 203 1.000000
183 223 1.000000
183 1648 1.000000
184 854 1.000000
184 261 1.000000
184 223 1.000000
184 1678 1.000000
184 936 1.000000
184 206 1.000000
184 978 1.000000
185 225 1.000000
185 199 1.000000
185 211 1.000000
185 854 1.000000
185 261 1.000000
185 1670 1.000000
186 226 1.000000
186 227 1.000000
186 199 1.000000
186 936 1.000000
186 1797 1.000000
187 190 1.000000
189 854 1.000000
189 260 1.000000
189 261 1.000000
189 960 1.000000
189 935 1.000000
190 223 1.000000
190 448 1.000000
190 831 1.000000
190 1451 1.000000
190 196 1.000000
190 436 1.000000
191 261 1.000000
191 225 1.000000
191 940 1.000000
191 193 1.000000
192 854 1.000000
192 932 1.000000
192 933 1.000000
192 934 1.000000
192 1660 1.000000
192 1661 1.000000
192 1315 1.000000
192 1962 1.000000
193 261 1.000000
193 959 1.000000
193 962 1.000000
193 968 1.000000
193 969 1.000000
193 975 1.000000
193 197 1.000000
193 861 1.000000
193 206 1.000000
193 979 1.000000
193 980 1.000000
193 957 1.000000
194 213 1.000000
194 205 1.000000
194 978 1.000000
194 1102 1.000000
195 213 1.000000
195 261 1.000000
195 211 1.000000
195 1389 1.000000
196 950 1.000000
196 261 1.000000
196 831 1.000000
197 213 1.000000
197 943 1.000000
197 1672 1.000000
197 1017 1.000000
198 213 1.000000
198 950 1.000000
198 261 1.000000
198 223 1.000000
198 1649 1.000000
199 213 1.000000
200 235 1.000000
200 865 1.000000
200 261 1.000000
200 872 1.000000
200 1237 1.000000
201 261 1.000000
201 1015 1.000000
201 740 1.000000
201 1018 1.000000
202 205 1.000000
202 261 1.000000
202 954 1.000000
203 854 1.000000
203 260 1.000000
203 261 1.000000
203 223 1.000000
204 213 1.000000
205 854 1.000000
205 945 1.000000
205 948 1.000000
205 949 1.000000
205 212 1.000000
205 223 1.000000
206 261 1.000000
206 249 1.000000
206 936 1.000000
206 978 1.000000
206 1668 1.000000
208 974 1.000000
209 272 1.000000
209 261 1.000000
209 969 1.000000
209 1324 1.000000
210 950 1.000000
210 1670 1.000000
211 261 1.000000
211 1389 1.000000
211 962 1.000000
212 854 1.000000
212 988 1.000000
213 214 1.000000
213 215 1.000000
213 216 1.000000
213 217 1.000000
213 218 1.000000
213 219 1.000000
213 220 1.000000
213 221 1.000000
213 222 1.000000
213 223 1.000000
213 224 1.000000
214 477 1.000000
214 943 1.000000
214 1598 1.000000
214 2291 1.000000
215 223 1.000000
215 1835 1.000000
215 1800 1.000000
215 217 1.000000
216 1015 1.000000
216 1334 1.000000
216 1016 1.000000
216 245 1.000000
216 964 1.000000
216 353 1.000000
216 942 1.000000
216 254 1.000000
216 222 1.000000
216 1017 1.000000
216 1018 1.000000
218 1670 1.000000
218 1678 1.000000
219 936 1.000000
219 261 1.000000
219 1628 1.000000
219 941 1.000000
219 966 1.000000
219 1655 1.000000
220 272 1.000000
220 854 1.000000
220 261 1.000000
220 223 1.000000
220 1102 1.000000
221 1438 1.000000
221 971 1.000000
222 1467 1.000000
223 854 1.000000
223 260 1.000000
223 261 1.000000
223 958 1.000000
223 982 1.000000
223 397 1.000000
223 983 1.000000
223 226 1.000000
223 415 1.000000
223 740 1.000000
223 984 1.000000
223 227 1.000000
223 947 1.000000
223 860 1.000000
223 262 1.000000
223 978 1.000000
223 427 1.000000
223 985 1.000000
223 986 1.000000
223 987 1.000000
223 376 1.000000
224 1648 1.000000
224 959 1.000000
224 1651 1.000000
225 940 1.000000
225 261 1.000000
225 229 1.000000
226 446 1.000000
226 261 1.000000
226 1346 1.000000
227 978 1.000000
227 1467 1.000000
227 845 1.000000
228 229 1.000000
228 230 1.000000
228 526 1.000000
229 814 1.000000
230 854 1.000000
230 1529 1.000000
230 2043 1.000000
231 232 1.000000
231 233 1.000000
231 234 1.000000
231 433 1.000000
231 1607 1.000000
232 346 1.000000
232 1647 1.000000
234 1899 1.000000
234 2037 1.000000
235 2073 1.000000
236 237 1.000000
237 1699 1.000000
237 1972 1.000000
238 239 1.000000
238 240 1.000000
238 241 1.000000
238 242 1.000000
239 241 1.000000
241 243 1.000000
241 242 1.000000
242 243 1.000000
242 1597 1.000000
242 2121 1.000000
242 2009 1.000000
243 1595 1.000000
244 261 1.000000
244 799 1.000000
244 451 1.000000
244 354 1.000000
244 1126 1.000000
244 1233 1.000000
244 784 1.000000
244 361 1.000000
244 1234 1.000000
244 685 1.000000
244 1235 1.000000
244 1133 1.000000
244 1236 1.000000
244 781 1.000000
244 986 1.000000
244 1237 1.000000
246 811 1.000000
246 261 1.000000
246 812 1.000000
246 972 1.000000
247 261 1.000000
247 249 1.000000
248 2004 1.000000
249 936 1.000000
249 261 1.000000
249 961 1.000000
249 963 1.000000
249 973 1.000000
250 377 1.000000
250 261 1.000000
250 2301 1.000000
251 499 1.000000
251 2314 1.000000
252 1485 1.000000
252 1486 1.000000
252 1487 1.000000
252 264 1.000000
252 1990 1.000000
253 1546 1.000000
253 744 1.000000
254 1963 1.000000
254 1814 1.000000
254 1290 1.000000
255 935 1.000000
255 261 1.000000
256 818 1.000000
256 261 1.000000
256 436 1.000000
256 2111 1.000000
257 2379 1.000000
257 2381 1.000000
257 2380 1.000000
258 1774 1.000000
258 1775 1.000000
258 1508 1.000000
258 1511 1.000000
259 261 1.000000
259 1963 1.000000
260 854 1.000000
260 932 1.000000
260 933 1.000000
260 856 1.000000
260 934 1.000000
260 935 1.000000
260 261 1.000000
261 854 1.000000
261 958 1.000000
261 932 1.000000
261 937 1.000000
261 933 1.000000
261 951 1.000000
261 959 1.000000
261 960 1.000000
261 961 1.000000
261 962 1.000000
261 389 1.000000
261 963 1.000000
261 855 1.000000
261 964 1.000000
261 965 1.000000
261 966 1.000000
261 967 1.000000
261 968 1.000000
261 856 1.000000
261 969 1.000000
261 934 1.000000
261 970 1.000000
261 971 1.000000
261 972 1.000000
261 938 1.000000
261 973 1.000000
261 974 1.000000
261 975 1.000000
261 976 1.000000
261 977 1.000000
261 744 1.000000
261 947 1.000000
261 936 1.000000
261 860 1.000000
261 861 1.000000
261 262 1.000000
261 978 1.000000
261 979 1.000000
261 980 1.000000
261 862 1.000000
261 981 1.000000
261 943 1.000000
262 978 1.000000
263 525 1.000000
263 1802 1.000000
263 2004 1.000000
264 1486 1.000000
264 1487 1.000000
265 266 1.000000
265 267 1.000000
265 268 1.000000
265 269 1.000000
265 270 1.000000
265 271 1.000000
265 272 1.000000
266 1617 1.000000
266 271 1.000000
267 272 1.000000
267 1599 1.000000
267 1610 1.000000
268 377 1.000000
268 818 1.000000
268 2418 1.000000
269 818 1.000000
269 840 1.000000
269 1382 1.000000
269 2409 1.000000
270 272 1.000000
270 2467 1.000000
271 272 1.000000
272 273 1.000000
272 274 1.000000
272 275 1.000000
272 276 1.000000
272 277 1.000000
272 278 1.000000
272 279 1.000000
272 280 1.000000
272 281 1.000000
272 282 1.000000
272 283 1.000000
272 284 1.000000
272 285 1.000000
272 286 1.000000
272 287 1.000000
272 288 1.000000
272 289 1.000000
272 290 1.000000
272 291 1.000000
272 292 1.000000
272 293 1.000000
272 294 1.000000
272 295 1.000000
272 296 1.000000
272 297 1.000000
272 298 1.000000
272 299 1.000000
272 300 1.000000
272 301 1.000000
272 302 1.000000
272 303 1.000000
272 304 1.000000
272 305 1.000000
272 306 1.000000
272 307 1.000000
272 308 1.000000
272 1382 1.000000
272 433 1.000000
273 857 1.000000
273 297 1.000000
273 1863 1.000000
274 305 1.000000
275 714 1.000000
275 818 1.000000
275 1382 1.000000
275 2247 1.000000
276 303 1.000000
277 2195 1.000000
278 2364 1.000000
279 1382 1.000000
280 619 1.000000
280 626 1.000000
281 2411 1.000000
282 1413 1.000000
282 1493 1.000000
282 1788 1.000000
282 2511 1.000000
283 300 1.000000
284 377 1.000000
284 1493 1.000000
285 1599 1.000000
286 1119 1.000000
286 1089 1.000000
286 295 1.000000
286 1130 1.000000
286 1563 1.000000
287 818 1.000000
288 1599 1.000000
288 1614 1.000000
288 1618 1.000000
289 621 1.000000
289 290 1.000000
290 619 1.000000
291 300 1.000000
291 1719 1.000000
291 299 1.000000
291 2082 1.000000
292 1149 1.000000
292 1608 1.000000
292 2410 1.000000
293 857 1.000000
293 1646 1.000000
294 377 1.000000
294 438 1.000000
295 1594 1.000000
295 839 1.000000
296 1695 1.000000
296 1709 1.000000
296 1710 1.000000
296 1711 1.000000
297 857 1.000000
297 1493 1.000000
297 1496 1.000000
298 377 1.000000
299 714 1.000000
299 906 1.000000
299 1904 1.000000
299 2439 1.000000
300 828 1.000000
301 1582 1.000000
302 1974 1.000000
302 1975 1.000000
303 619 1.000000
304 1738 1.000000
304 1739 1.000000
304 2317 1.000000
306 1382 1.000000
306 2409 1.000000
306 2654 1.000000
306 2655 1.000000
307 1493 1.000000
307 2659 1.000000
309 310 1.000000
309 311 1.000000
309 312 1.000000
309 313 1.000000
309 314 1.000000
309 315 1.000000
309 316 1.000000
310 1556 1.000000
310 1507 1.000000
310 316 1.000000
311 484 1.000000
312 320 1.000000
313 499 1.000000
313 315 1.000000
313 1556 1.000000
314 633 1.000000
314 634 1.000000
314 635 1.000000
314 2255 1.000000
315 317 1.000000
315 320 1.000000
315 321 1.000000
315 322 1.000000
315 501 1.000000
316 1556 1.000000
316 1823 1.000000
316 1558 1.000000
316 2071 1.000000
317 318 1.000000
317 319 1.000000
317 320 1.000000
318 320 1.000000
318 1509 1.000000
318 321 1.000000
319 320 1.000000
319 1658 1.000000
319 321 1.000000
321 322 1.000000
321 323 1.000000
322 499 1.000000
322 1659 1.000000
323 1510 1.000000
323 1508 1.000000
323 1506 1.000000
323 2188 1.000000
324 325 1.000000
324 326 1.000000
324 327 1.000000
324 328 1.000000
324 329 1.000000
325 329 1.000000
325 331 1.000000
326 854 1.000000
326 2137 1.000000
326 1991 1.000000
327 1984 1.000000
330 331 1.000000
330 1814 1.000000
331 332 1.000000
331 1784 1.000000
331 1736 1.000000
332 2323 1.000000
332 2324 1.000000
333 334 1.000000
333 335 1.000000
333 336 1.000000
333 1143 1.000000
334 1139 1.000000
334 1143 1.000000
335 336 1.000000
337 338 1.000000
337 339 1.000000
337 340 1.000000
338 340 1.000000
338 2154 1.000000
339 341 1.000000
339 919 1.000000
340 2154 1.000000
341 342 1.000000
341 343 1.000000
341 344 1.000000
341 345 1.000000
342 1302 1.000000
342 1206 1.000000
342 1350 1.000000
343 1305 1.000000
343 1306 1.000000
343 1273 1.000000
343 1287 1.000000
344 1297 1.000000
344 1563 1.000000
344 1794 1.000000
344 1895 1.000000
344 1965 1.000000
345 551 1.000000
345 923 1.000000
345 924 1.000000
345 925 1.000000
345 562 1.000000
345 926 1.000000
345 881 1.000000
345 1302 1.000000
345 1979 1.000000
346 347 1.000000
346 348 1.000000
346 349 1.000000
346 350 1.000000
346 351 1.000000
346 352 1.000000
346 353 1.000000
346 354 1.000000
346 355 1.000000
346 356 1.000000
346 357 1.000000
346 358 1.000000
346 359 1.000000
346 360 1.000000
346 361 1.000000
346 362 1.000000
346 363 1.000000
346 364 1.000000
346 365 1.000000
346 366 1.000000
346 367 1.000000
346 368 1.000000
346 369 1.000000
346 370 1.000000
346 371 1.000000
346 372 1.000000
346 373 1.000000
346 374 1.000000
346 375 1.000000
346 376 1.000000
346 854 1.000000
346 946 1.000000
347 918 1.000000
347 922 1.000000
348 1305 1.000000
348 1306 1.000000
348 883 1.000000
348 1205 1.000000
349 1130 1.000000
349 1732 1.000000
350 1218 1.000000
350 1654 1.000000
350 1563 1.000000
350 1850 1.000000
350 1561 1.000000
350 695 1.000000
350 1006 1.000000
350 698 1.000000
350 704 1.000000
351 1194 1.000000
352 1255 1.000000
353 985 1.000000
355 1302 1.000000
355 1019 1.000000
356 528 1.000000
356 565 1.000000
356 1084 1.000000
356 529 1.000000
356 547 1.000000
356 1239 1.000000
357 1879 1.000000
357 884 1.000000
358 1531 1.000000
358 1534 1.000000
359 528 1.000000
359 543 1.000000
359 1635 1.000000
360 1760 1.000000
361 797 1.000000
361 1120 1.000000
361 730 1.000000
361 731 1.000000
361 732 1.000000
361 1699 1.000000
361 362 1.000000
361 1981 1.000000
362 797 1.000000
362 1250 1.000000
362 803 1.000000
363 776 1.000000
364 2505 1.000000
365 1824 1.000000
365 767 1.000000
366 1194 1.000000
367 377 1.000000
367 1038 1.000000
367 426 1.000000
367 1730 1.000000
368 528 1.000000
368 2080 1.000000
368 548 1.000000
369 760 1.000000
369 1194 1.000000
370 672 1.000000
370 791 1.000000
370 519 1.000000
370 1120 1.000000
370 1881 1.000000
370 2014 1.000000
371 528 1.000000
371 865 1.000000
371 1075 1.000000
371 871 1.000000
371 868 1.000000
371 869 1.000000
372 528 1.000000
372 1076 1.000000
372 682 1.000000
372 1077 1.000000
372 1078 1.000000
372 689 1.000000
372 375 1.000000
372 550 1.000000
373 1194 1.000000
373 679 1.000000
373 680 1.000000
374 1019 1.000000
374 2073 1.000000
374 1120 1.000000
374 872 1.000000
374 376 1.000000
375 550 1.000000
375 689 1.000000
376 1237 1.000000
377 378 1.000000
377 379 1.000000
377 380 1.000000
377 381 1.000000
377 382 1.000000
377 383 1.000000
377 384 1.000000
377 385 1.000000
377 386 1.000000
377 387 1.000000
377 388 1.000000
377 389 1.000000
377 390 1.000000
377 391 1.000000
377 392 1.000000
377 393 1.000000
377 394 1.000000
377 395 1.000000
377 396 1.000000
377 397 1.000000
377 398 1.000000
377 399 1.000000
377 400 1.000000
377 401 1.000000
377 402 1.000000
377 403 1.000000
377 404 1.000000
377 405 1.000000
377 406 1.000000
377 407 1.000000
377 408 1.000000
377 409 1.000000
377 410 1.000000
377 411 1.000000
377 412 1.000000
377 413 1.000000
377 414 1.000000
377 415 1.000000
377 416 1.000000
377 417 1.000000
377 418 1.000000
377 419 1.000000
377 420 1.000000
377 421 1.000000
377 422 1.000000
377 423 1.000000
377 424 1.000000
377 425 1.000000
377 426 1.000000
377 427 1.000000
377 428 1.000000
377 429 1.000000
377 430 1.000000
377 431 1.000000
377 432 1.000000
377 433 1.000000
377 434 1.000000
377 435 1.000000
377 436 1.000000
377 437 1.000000
377 438 1.000000
377 439 1.000000
377 440 1.000000
377 441 1.000000
377 442 1.000000
377 443 1.000000
377 444 1.000000
377 445 1.000000
378 854 1.000000
381 1493 1.000000
381 435 1.000000
381 2106 1.000000
382 619 1.000000
382 626 1.000000
384 474 1.000000
384 414 1.000000
385 1732 1.000000
386 1493 1.000000
387 1804 1.000000
388 421 1.000000
389 854 1.000000
389 988 1.000000
389 1657 1.000000
390 1858 1.000000
391 2427 1.000000
392 1803 1.000000
393 1698 1.000000
395 714 1.000000
395 854 1.000000
397 854 1.000000
397 427 1.000000
398 714 1.000000
399 433 1.000000
400 714 1.000000
402 599 1.000000
402 626 1.000000
402 1136 1.000000
402 604 1.000000
404 860 1.000000
406 1333 1.000000
406 1640 1.000000
408 714 1.000000
409 2196 1.000000
409 2238 1.000000
409 2416 1.000000
409 2426 1.000000
410 2248 1.000000
410 1566 1.000000
410 2326 1.000000
411 714 1.000000
411 2292 1.000000
412 413 1.000000
413 1493 1.000000
413 418 1.000000
413 422 1.000000
414 474 1.000000
415 854 1.000000
415 427 1.000000
416 1566 1.000000
416 424 1.000000
417 1493 1.000000
417 1496 1.000000
418 714 1.000000
418 419 1.000000
418 422 1.000000
419 944 1.000000
419 719 1.000000
419 1344 1.000000
419 1585 1.000000
419 1586 1.000000
419 429 1.000000
419 986 1.000000
420 599 1.000000
422 1493 1.000000
423 1858 1.000000
423 2063 1.000000
425 714 1.000000
425 1493 1.000000
425 1911 1.000000
425 1912 1.000000
425 612 1.000000
425 432 1.000000
426 1038 1.000000
427 854 1.000000
428 1661 1.000000
429 1495 1.000000
429 1496 1.000000
430 818 1.000000
430 824 1.000000
430 2409 1.000000
431 1097 1.000000
431 1099 1.000000
431 432 1.000000
431 1493 1.000000
432 1097 1.000000
432 1101 1.000000
432 1099 1.000000
432 1493 1.000000
433 2087 1.000000
433 1233 1.000000
433 1623 1.000000
433 1544 1.000000
433 1545 1.000000
433 2088 1.000000
434 854 1.000000
434 1672 1.000000
435 714 1.000000
435 1493 1.000000
438 714 1.000000
438 451 1.000000
438 857 1.000000
439 2130 1.000000
439 1321 1.000000
439 2131 1.000000
439 2132 1.000000
439 2133 1.000000
440 714 1.000000
440 1493 1.000000
443 714 1.000000
444 1493 1.000000
445 2307 1.000000
446 447 1.000000
446 448 1.000000
446 449 1.000000
446 450 1.000000
446 451 1.000000
446 452 1.000000
446 453 1.000000
446 454 1.000000
446 455 1.000000
446 456 1.000000
446 457 1.000000
446 458 1.000000
446 459 1.000000
446 460 1.000000
446 461 1.000000
447 459 1.000000
448 1451 1.000000
449 1211 1.000000
449 1543 1.000000
449 1656 1.000000
449 1312 1.000000
451 1543 1.000000
451 1570 1.000000
452 995 1.000000
452 688 1.000000
452 1369 1.000000
453 1936 1.000000
453 1375 1.000000
453 2419 1.000000
454 528 1.000000
454 997 1.000000
455 641 1.000000
455 892 1.000000
455 893 1.000000
455 806 1.000000
456 637 1.000000
456 1395 1.000000
456 638 1.000000
457 760 1.000000
457 776 1.000000
457 1005 1.000000
457 1009 1.000000
460 641 1.000000
460 1543 1.000000
460 1957 1.000000
460 2506 1.000000
460 461 1.000000
461 2507 1.000000
463 2274 1.000000
464 465 1.000000
466 2502 1.000000
467 468 1.000000
467 469 1.000000
467 470 1.000000
467 471 1.000000
467 472 1.000000
467 818 1.000000
467 840 1.000000
467 1071 1.000000
467 832 1.000000
468 1443 1.000000
468 900 1.000000
468 657 1.000000
469 1071 1.000000
470 818 1.000000
470 1071 1.000000
471 848 1.000000
471 1285 1.000000
472 2202 1.000000
473 474 1.000000
473 1130 1.000000
473 1654 1.000000
473 1893 1.000000
474 818 1.000000
474 1038 1.000000
474 1039 1.000000
474 1040 1.000000
474 1780 1.000000
474 1781 1.000000
474 1782 1.000000
474 1041 1.000000
474 1783 1.000000
474 1563 1.000000
475 476 1.000000
476 922 1.000000
476 2344 1.000000
476 1873 1.000000
477 478 1.000000
477 1776 1.000000
478 1776 1.000000
478 1797 1.000000
478 1799 1.000000
478 1466 1.000000
479 480 1.000000
479 481 1.000000
479 484 1.000000
479 486 1.000000
479 500 1.000000
479 648 1.000000
480 2219 1.000000
480 2220 1.000000
480 645 1.000000
481 484 1.000000
481 500 1.000000
481 642 1.000000
481 491 1.000000
481 646 1.000000
481 647 1.000000
482 483 1.000000
483 642 1.000000
483 491 1.000000
483 643 1.000000
483 498 1.000000
483 1212 1.000000
484 485 1.000000
484 500 1.000000
485 1530 1.000000
485 2042 1.000000
486 487 1.000000
486 488 1.000000
486 489 1.000000
487 503 1.000000
488 503 1.000000
489 499 1.000000
489 503 1.000000
489 2358 1.000000
490 491 1.000000
490 492 1.000000
491 648 1.000000
491 642 1.000000
491 646 1.000000
492 922 1.000000
492 1638 1.000000
493 499 1.000000
493 2100 1.000000
493 1156 1.000000
493 2151 1.000000
494 2425 1.000000
495 713 1.000000
495 2242 1.000000
496 713 1.000000
496 2242 1.000000
497 2425 1.000000
497 534 1.000000
498 636 1.000000
498 643 1.000000
498 1567 1.000000
498 1569 1.000000
499 500 1.000000
499 501 1.000000
499 502 1.000000
499 503 1.000000
499 504 1.000000
500 644 1.000000
500 645 1.000000
500 504 1.000000
500 2100 1.000000
501 1556 1.000000
501 502 1.000000
502 1556 1.000000
503 1508 1.000000
503 2061 1.000000
503 644 1.000000
503 2358 1.000000
504 644 1.000000
505 506 1.000000
505 507 1.000000
505 508 1.000000
505 509 1.000000
505 510 1.000000
505 511 1.000000
505 512 1.000000
505 513 1.000000
505 514 1.000000
505 1623 1.000000
506 515 1.000000
507 528 1.000000
508 818 1.000000
508 514 1.000000
510 654 1.000000
510 659 1.000000
510 890 1.000000
510 511 1.000000
511 1118 1.000000
511 573 1.000000
511 726 1.000000
511 727 1.000000
511 2287 1.000000
511 2288 1.000000
512 708 1.000000
512 709 1.000000
512 786 1.000000
512 787 1.000000
512 788 1.000000
512 789 1.000000
512 779 1.000000
512 790 1.000000
512 792 1.000000
512 794 1.000000
512 513 1.000000
513 528 1.000000
513 577 1.000000
514 572 1.000000
514 664 1.000000
514 1089 1.000000
514 1090 1.000000
515 516 1.000000
515 517 1.000000
515 518 1.000000
515 519 1.000000
516 783 1.000000
516 1037 1.000000
516 1701 1.000000
516 673 1.000000
517 760 1.000000
517 1090 1.000000
518 760 1.000000
518 1194 1.000000
518 1717 1.000000
518 765 1.000000
518 1464 1.000000
518 1716 1.000000
519 1130 1.000000
519 1614 1.000000
519 1732 1.000000
519 1389 1.000000
520 521 1.000000
520 522 1.000000
520 523 1.000000
520 524 1.000000
520 525 1.000000
520 526 1.000000
520 527 1.000000
520 2244 1.000000
521 1201 1.000000
521 1211 1.000000
521 675 1.000000
521 527 1.000000
521 2244 1.000000
522 1438 1.000000
523 527 1.000000
523 2244 1.000000
524 1031 1.000000
524 1802 1.000000
524 2255 1.000000
525 2255 1.000000
525 1254 1.000000
526 1848 1.000000
526 728 1.000000
526 1001 1.000000
526 1002 1.000000
526 1003 1.000000
526 1004 1.000000
526 775 1.000000
526 1612 1.000000
527 2244 1.000000
528 529 1.000000
528 530 1.000000
528 531 1.000000
528 532 1.000000
528 533 1.000000
528 534 1.000000
528 535 1.000000
528 536 1.000000
528 537 1.000000
528 538 1.000000
528 539 1.000000
528 540 1.000000
528 541 1.000000
528 542 1.000000
528 543 1.000000
528 544 1.000000
528 545 1.000000
528 546 1.000000
528 547 1.000000
528 548 1.000000
528 549 1.000000
528 550 1.000000
528 1802 1.000000
529 672 1.000000
529 1084 1.000000
529 1022 1.000000
531 922 1.000000
531 1084 1.000000
531 544 1.000000
531 2073 1.000000
532 1085 1.000000
532 1587 1.000000
533 676 1.000000
533 1120 1.000000
533 1129 1.000000
534 2425 1.000000
535 549 1.000000
535 682 1.000000
536 1084 1.000000
536 2290 1.000000
537 2523 1.000000
539 1031 1.000000
539 549 1.000000
539 1027 1.000000
539 2241 1.000000
539 540 1.000000
540 1031 1.000000
540 549 1.000000
541 1303 1.000000
541 1086 1.000000
542 1237 1.000000
542 1985 1.000000
544 676 1.000000
544 1120 1.000000
544 1251 1.000000
544 1129 1.000000
544 545 1.000000
544 546 1.000000
545 1120 1.000000
545 1129 1.000000
545 867 1.000000
545 546 1.000000
546 1120 1.000000
546 1129 1.000000
547 565 1.000000
547 1630 1.000000
547 1889 1.000000
547 2540 1.000000
548 686 1.000000
548 2079 1.000000
548 2080 1.000000
549 1802 1.000000
549 1344 1.000000
549 1087 1.000000
550 1539 1.000000
550 2054 1.000000
551 552 1.000000
551 553 1.000000
551 554 1.000000
551 555 1.000000
551 556 1.000000
551 557 1.000000
551 558 1.000000
551 559 1.000000
551 560 1.000000
551 561 1.000000
551 562 1.000000
551 563 1.000000
551 564 1.000000
551 565 1.000000
551 566 1.000000
551 567 1.000000
552 1748 1.000000
552 1979 1.000000
553 558 1.000000
554 797 1.000000
554 1563 1.000000
554 1150 1.000000
555 776 1.000000
555 1148 1.000000
555 1636 1.000000
555 1150 1.000000
556 568 1.000000
557 880 1.000000
557 1131 1.000000
557 567 1.000000
558 890 1.000000
558 2309 1.000000
559 568 1.000000
560 707 1.000000
560 713 1.000000
560 890 1.000000
560 1463 1.000000
561 568 1.000000
561 1295 1.000000
562 880 1.000000
562 1275 1.000000
563 880 1.000000
563 2454 1.000000
564 797 1.000000
564 1879 1.000000
565 873 1.000000
565 874 1.000000
565 880 1.000000
565 1239 1.000000
566 1637 1.000000
566 573 1.000000
567 1125 1.000000
567 880 1.000000
567 1131 1.000000
567 1284 1.000000
567 1881 1.000000
567 1276 1.000000
567 874 1.000000
568 569 1.000000
568 570 1.000000
568 571 1.000000
568 572 1.000000
568 573 1.000000
568 574 1.000000
568 575 1.000000
568 576 1.000000
568 577 1.000000
568 578 1.000000
569 890 1.000000
569 1637 1.000000
569 578 1.000000
570 1641 1.000000
570 1647 1.000000
570 1700 1.000000
570 2041 1.000000
571 890 1.000000
571 922 1.000000
572 818 1.000000
572 2186 1.000000
573 890 1.000000
573 1118 1.000000
574 1130 1.000000
576 1118 1.000000
576 1131 1.000000
576 1877 1.000000
577 1037 1.000000
577 1125 1.000000
578 1148 1.000000
578 1150 1.000000
579 580 1.000000
579 581 1.000000
579 582 1.000000
579 583 1.000000
579 584 1.000000
579 585 1.000000
579 586 1.000000
579 587 1.000000
579 588 1.000000
579 589 1.000000
579 590 1.000000
579 591 1.000000
579 592 1.000000
579 593 1.000000
579 594 1.000000
579 595 1.000000
579 596 1.000000
579 599 1.000000
579 2393 1.000000
580 599 1.000000
580 589 1.000000
581 599 1.000000
581 590 1.000000
581 611 1.000000
582 599 1.000000
582 2393 1.000000
583 599 1.000000
583 587 1.000000
584 599 1.000000
584 2393 1.000000
585 587 1.000000
585 595 1.000000
586 2393 1.000000
587 599 1.000000
587 2393 1.000000
587 603 1.000000
587 595 1.000000
588 2393 1.000000
588 609 1.000000
588 593 1.000000
590 599 1.000000
591 599 1.000000
591 596 1.000000
591 607 1.000000
591 608 1.000000
592 2393 1.000000
592 593 1.000000
593 599 1.000000
593 2393 1.000000
593 609 1.000000
593 594 1.000000
594 599 1.000000
594 2393 1.000000
594 609 1.000000
595 599 1.000000
595 2393 1.000000
596 599 1.000000
596 607 1.000000
596 608 1.000000
596 609 1.000000
597 598 1.000000
597 1093 1.000000
599 600 1.000000
599 601 1.000000
599 602 1.000000
599 603 1.000000
599 604 1.000000
599 605 1.000000
599 606 1.000000
599 607 1.000000
599 608 1.000000
599 609 1.000000
599 610 1.000000
599 611 1.000000
599 612 1.000000
599 613 1.000000
599 1136 1.000000
600 912 1.000000
600 2038 1.000000
601 619 1.000000
601 910 1.000000
602 2455 1.000000
603 2393 1.000000
603 609 1.000000
604 609 1.000000
604 2148 1.000000
604 2393 1.000000
605 2238 1.000000
605 1137 1.000000
606 625 1.000000
606 627 1.000000
607 2532 1.000000
608 2393 1.000000
608 2532 1.000000
609 2148 1.000000
609 2393 1.000000
610 2038 1.000000
610 913 1.000000
610 914 1.000000
612 1493 1.000000
612 1698 1.000000
612 2579 1.000000
613 1493 1.000000
613 1643 1.000000
613 1098 1.000000
613 2691 1.000000
613 2693 1.000000
614 615 1.000000
614 616 1.000000
614 617 1.000000
614 618 1.000000
614 619 1.000000
614 626 1.000000
615 619 1.000000
615 1604 1.000000
616 626 1.000000
617 619 1.000000
617 620 1.000000
617 624 1.000000
617 618 1.000000
617 627 1.000000
618 619 1.000000
618 626 1.000000
619 620 1.000000
619 621 1.000000
619 622 1.000000
619 623 1.000000
619 624 1.000000
619 625 1.000000
619 626 1.000000
619 627 1.000000
620 626 1.000000
620 624 1.000000
621 626 1.000000
622 626 1.000000
623 2238 1.000000
624 626 1.000000
625 2456 1.000000
626 909 1.000000
626 910 1.000000
626 911 1.000000
626 627 1.000000
627 2456 1.000000
628 629 1.000000
628 630 1.000000
628 631 1.000000
628 632 1.000000
629 630 1.000000
629 1291 1.000000
629 1296 1.000000
630 1291 1.000000
630 1292 1.000000
630 1293 1.000000
630 1294 1.000000
630 1295 1.000000
630 631 1.000000
630 1296 1.000000
630 839 1.000000
631 818 1.000000
631 815 1.000000
631 2478 1.000000
631 836 1.000000
632 2049 1.000000
633 2120 1.000000
633 649 1.000000
633 2158 1.000000
634 915 1.000000
634 635 1.000000
635 915 1.000000
635 1744 1.000000
636 637 1.000000
636 638 1.000000
636 639 1.000000
636 640 1.000000
636 641 1.000000
636 1240 1.000000
636 1527 1.000000
636 1528 1.000000
637 1392 1.000000
637 1393 1.000000
637 650 1.000000
637 1394 1.000000
637 1395 1.000000
637 638 1.000000
638 1395 1.000000
639 1240 1.000000
640 1297 1.000000
640 1407 1.000000
640 1240 1.000000
640 2479 1.000000
640 1733 1.000000
641 891 1.000000
641 892 1.000000
641 893 1.000000
641 1240 1.000000
642 646 1.000000
642 2457 1.000000
643 1569 1.000000
644 2100 1.000000
645 2219 1.000000
645 2220 1.000000
646 648 1.000000
646 2419 1.000000
647 1530 1.000000
647 2042 1.000000
648 649 1.000000
648 650 1.000000
648 651 1.000000
648 652 1.000000
648 653 1.000000
649 2120 1.000000
651 652 1.000000
651 653 1.000000
652 915 1.000000
654 655 1.000000
654 656 1.000000
654 657 1.000000
654 658 1.000000
655 1818 1.000000
656 659 1.000000
656 668 1.000000
656 658 1.000000
657 1443 1.000000
658 659 1.000000
658 668 1.000000
658 898 1.000000
658 899 1.000000
658 900 1.000000
658 901 1.000000
658 669 1.000000
658 902 1.000000
658 670 1.000000
658 903 1.000000
659 660 1.000000
659 661 1.000000
659 662 1.000000
659 663 1.000000
659 664 1.000000
659 665 1.000000
659 666 1.000000
659 667 1.000000
659 668 1.000000
659 669 1.000000
659 670 1.000000
659 671 1.000000
659 1403 1.000000
659 1835 1.000000
660 668 1.000000
660 2149 1.000000
660 2164 1.000000
661 1042 1.000000
662 1399 1.000000
663 1599 1.000000
664 818 1.000000
665 1835 1.000000
665 1718 1.000000
665 1716 1.000000
665 817 1.000000
665 1461 1.000000
665 1462 1.000000
666 1397 1.000000
666 1403 1.000000
667 668 1.000000
667 2338 1.000000
668 669 1.000000
668 670 1.000000
668 671 1.000000
668 1399 1.000000
668 1403 1.000000
670 671 1.000000
671 1403 1.000000
671 1818 1.000000
672 673 1.000000
672 674 1.000000
672 675 1.000000
673 690 1.000000
673 713 1.000000
673 760 1.000000
673 792 1.000000
674 1084 1.000000
674 867 1.000000
675 922 1.000000
675 1473 1.000000
675 2249 1.000000
676 677 1.000000
676 678 1.000000
676 679 1.000000
676 680 1.000000
676 681 1.000000
676 682 1.000000
676 683 1.000000
676 684 1.000000
676 685 1.000000
676 686 1.000000
676 687 1.000000
676 688 1.000000
676 689 1.000000
677 1636 1.000000
677 1257 1.000000
677 1591 1.000000
678 1369 1.000000
678 1197 1.000000
679 1891 1.000000
679 2114 1.000000
680 1891 1.000000
680 2114 1.000000
681 1251 1.000000
682 867 1.000000
682 1081 1.000000
683 1824 1.000000
683 1828 1.000000
684 1251 1.000000
685 1024 1.000000
685 2073 1.000000
686 1021 1.000000
686 1022 1.000000
686 1023 1.000000
686 1120 1.000000
686 1129 1.000000
687 2025 1.000000
687 1894 1.000000
688 1012 1.000000
688 1032 1.000000
688 996 1.000000
688 776 1.000000
688 1033 1.000000
688 705 1.000000
688 1130 1.000000
689 1081 1.000000
690 691 1.000000
690 692 1.000000
690 693 1.000000
690 694 1.000000
690 695 1.000000
690 696 1.000000
690 697 1.000000
690 698 1.000000
690 699 1.000000
690 700 1.000000
690 701 1.000000
690 702 1.000000
690 703 1.000000
690 704 1.000000
690 705 1.000000
690 706 1.000000
690 1130 1.000000
691 995 1.000000
692 1005 1.000000
692 2506 1.000000
692 785 1.000000
692 1008 1.000000
693 1668 1.000000
693 700 1.000000
694 1223 1.000000
695 1199 1.000000
695 1850 1.000000
695 704 1.000000
696 1654 1.000000
697 1748 1.000000
697 700 1.000000
698 1850 1.000000
698 1564 1.000000
698 1006 1.000000
698 703 1.000000
698 704 1.000000
699 796 1.000000
699 785 1.000000
700 794 1.000000
700 1223 1.000000
700 1796 1.000000
700 796 1.000000
701 760 1.000000
701 1118 1.000000
703 1850 1.000000
703 1006 1.000000
704 1850 1.000000
705 995 1.000000
706 762 1.000000
707 708 1.000000
707 709 1.000000
707 710 1.000000
707 711 1.000000
707 712 1.000000
708 818 1.000000
708 1118 1.000000
709 791 1.000000
710 794 1.000000
710 1717 1.000000
710 1716 1.000000
710 2127 1.000000
711 713 1.000000
712 773 1.000000
712 794 1.000000
714 715 1.000000
714 716 1.000000
714 717 1.000000
714 718 1.000000
714 719 1.000000
714 720 1.000000
714 721 1.000000
714 722 1.000000
714 723 1.000000
714 724 1.000000
714 725 1.000000
714 726 1.000000
714 727 1.000000
714 728 1.000000
714 729 1.000000
714 730 1.000000
714 731 1.000000
714 732 1.000000
714 733 1.000000
714 734 1.000000
714 735 1.000000
714 736 1.000000
714 737 1.000000
714 738 1.000000
714 739 1.000000
714 740 1.000000
714 741 1.000000
714 742 1.000000
714 743 1.000000
714 744 1.000000
714 745 1.000000
714 746 1.000000
714 747 1.000000
714 748 1.000000
714 749 1.000000
714 750 1.000000
714 751 1.000000
714 752 1.000000
714 753 1.000000
714 754 1.000000
714 755 1.000000
714 756 1.000000
714 757 1.000000
714 758 1.000000
714 759 1.000000
714 860 1.000000
714 1688 1.000000
714 1698 1.000000
714 1692 1.000000
715 2149 1.000000
715 749 1.000000
715 1737 1.000000
716 860 1.000000
716 2046 1.000000
717 2081 1.000000
718 733 1.000000
719 1585 1.000000
720 2388 1.000000
722 1665 1.000000
723 2326 1.000000
724 2351 1.000000
725 1725 1.000000
728 1606 1.000000
728 930 1.000000
729 2707 1.000000
730 737 1.000000
730 1981 1.000000
731 737 1.000000
731 1981 1.000000
732 737 1.000000
732 1981 1.000000
733 2192 1.000000
734 904 1.000000
734 1421 1.000000
734 907 1.000000
734 908 1.000000
735 1411 1.000000
735 1867 1.000000
736 1397 1.000000
736 1403 1.000000
736 1684 1.000000
737 738 1.000000
737 739 1.000000
737 759 1.000000
737 1981 1.000000
738 760 1.000000
738 1619 1.000000
738 1620 1.000000
738 739 1.000000
739 1233 1.000000
739 743 1.000000
739 759 1.000000
739 1981 1.000000
740 860 1.000000
740 1529 1.000000
740 814 1.000000
740 1668 1.000000
740 2043 1.000000
741 1726 1.000000
741 1727 1.000000
741 1732 1.000000
742 1747 1.000000
742 1198 1.000000
742 1748 1.000000
743 1771 1.000000
744 1664 1.000000
744 1786 1.000000
745 840 1.000000
745 1684 1.000000
745 1787 1.000000
745 844 1.000000
745 1709 1.000000
745 1710 1.000000
745 1711 1.000000
745 1788 1.000000
745 1789 1.000000
745 1051 1.000000
745 746 1.000000
745 747 1.000000
745 1055 1.000000
745 1056 1.000000
745 1790 1.000000
746 1788 1.000000
747 1056 1.000000
747 1934 1.000000
747 2579 1.000000
748 1444 1.000000
748 2246 1.000000
748 1062 1.000000
749 1496 1.000000
749 2409 1.000000
750 1934 1.000000
750 1243 1.000000
750 1935 1.000000
750 2126 1.000000
751 1493 1.000000
751 1994 1.000000
752 1599 1.000000
752 1605 1.000000
752 2066 1.000000
752 2583 1.000000
752 2584 1.000000
753 2645 1.000000
753 2646 1.000000
755 1301 1.000000
755 2050 1.000000
756 1754 1.000000
756 2028 1.000000
758 1599 1.000000
758 1600 1.000000
759 797 1.000000
759 1981 1.000000
760 761 1.000000
760 762 1.000000
760 763 1.000000
760 764 1.000000
760 765 1.000000
760 766 1.000000
760 767 1.000000
760 768 1.000000
760 769 1.000000
760 770 1.000000
760 771 1.000000
760 772 1.000000
760 773 1.000000
760 774 1.000000
760 775 1.000000
760 776 1.000000
760 777 1.000000
760 778 1.000000
760 779 1.000000
760 780 1.000000
760 781 1.000000
760 782 1.000000
760 1194 1.000000
760 1197 1.000000
760 1824 1.000000
760 1199 1.000000
761 1155 1.000000
761 781 1.000000
761 872 1.000000
762 782 1.000000
763 783 1.000000
763 1199 1.000000
764 1599 1.000000
764 1643 1.000000
765 776 1.000000
765 1194 1.000000
765 1529 1.000000
766 2414 1.000000
768 783 1.000000
769 776 1.000000
770 1233 1.000000
770 2332 1.000000
770 1620 1.000000
771 783 1.000000
771 776 1.000000
771 1194 1.000000
772 1194 1.000000
773 792 1.000000
773 775 1.000000
773 2186 1.000000
774 818 1.000000
775 1194 1.000000
775 1824 1.000000
775 779 1.000000
776 1001 1.000000
776 1002 1.000000
776 1003 1.000000
776 1004 1.000000
776 780 1.000000
776 1194 1.000000
776 1199 1.000000
777 1194 1.000000
777 1377 1.000000
778 1194 1.000000
778 1447 1.000000
778 1959 1.000000
778 789 1.000000
778 2001 1.000000
778 1980 1.000000
778 1525 1.000000
779 783 1.000000
779 1641 1.000000
779 782 1.000000
780 922 1.000000
781 922 1.000000
781 1153 1.000000
782 1075 1.000000
782 2017 1.000000
783 784 1.000000
783 785 1.000000
785 2506 1.000000
786 792 1.000000
787 1118 1.000000
787 884 1.000000
787 788 1.000000
788 1150 1.000000
788 884 1.000000
789 1900 1.000000
790 875 1.000000
790 1879 1.000000
790 884 1.000000
790 1389 1.000000
792 793 1.000000
793 1237 1.000000
793 1241 1.000000
794 795 1.000000
794 796 1.000000
794 1135 1.000000
795 1344 1.000000
795 2004 1.000000
796 1199 1.000000
796 1008 1.000000
796 1135 1.000000
797 798 1.000000
797 799 1.000000
797 800 1.000000
797 801 1.000000
797 802 1.000000
797 803 1.000000
797 804 1.000000
798 1177 1.000000
799 1211 1.000000
799 1570 1.000000
800 854 1.000000
800 936 1.000000
800 988 1.000000
801 1739 1.000000
801 1619 1.000000
801 1383 1.000000
802 1713 1.000000
802 1227 1.000000
802 2354 1.000000
803 1120 1.000000
803 1590 1.000000
805 806 1.000000
805 1556 1.000000
805 2071 1.000000
806 892 1.000000
806 893 1.000000
807 808 1.000000
807 809 1.000000
807 810 1.000000
808 872 1.000000
808 1029 1.000000
809 1927 1.000000
810 872 1.000000
810 1161 1.000000
811 812 1.000000
811 813 1.000000
811 814 1.000000
811 815 1.000000
811 816 1.000000
811 817 1.000000
811 818 1.000000
812 1648 1.000000
812 1609 1.000000
812 814 1.000000
814 1648 1.000000
814 1609 1.000000
814 1650 1.000000
814 1651 1.000000
814 1492 1.000000
815 1294 1.000000
815 2478 1.000000
816 818 1.000000
816 840 1.000000
816 1590 1.000000
817 1467 1.000000
818 819 1.000000
818 820 1.000000
818 821 1.000000
818 822 1.000000
818 823 1.000000
818 824 1.000000
818 825 1.000000
818 826 1.000000
818 827 1.000000
818 828 1.000000
818 829 1.000000
818 830 1.000000
818 831 1.000000
818 832 1.000000
818 833 1.000000
818 834 1.000000
818 835 1.000000
818 836 1.000000
818 837 1.000000
818 838 1.000000
818 839 1.000000
818 1071 1.000000
818 1320 1.000000
819 1529 1.000000
819 1654 1.000000
820 1480 1.000000
820 1599 1.000000
821 1243 1.000000
822 2365 1.000000
823 2409 1.000000
824 927 1.000000
824 930 1.000000
824 2584 1.000000
825 850 1.000000
826 1071 1.000000
827 1298 1.000000
827 2190 1.000000
827 2191 1.000000
829 1629 1.000000
830 2272 1.000000
831 854 1.000000
831 950 1.000000
832 837 1.000000
833 1044 1.000000
833 1053 1.000000
833 1049 1.000000
834 840 1.000000
834 1501 1.000000
834 1294 1.000000
835 1071 1.000000
835 2409 1.000000
836 2478 1.000000
838 2682 1.000000
839 2133 1.000000
840 841 1.000000
840 842 1.000000
840 843 1.000000
840 844 1.000000
840 845 1.000000
840 846 1.000000
840 847 1.000000
840 848 1.000000
840 849 1.000000
840 850 1.000000
840 851 1.000000
841 1851 1.000000
842 1053 1.000000
842 1742 1.000000
845 1467 1.000000
845 1466 1.000000
845 1470 1.000000
846 1504 1.000000
846 1599 1.000000
846 2048 1.000000
846 851 1.000000
847 1504 1.000000
847 1613 1.000000
847 851 1.000000
848 1679 1.000000
848 1277 1.000000
849 1996 1.000000
849 1851 1.000000
851 1504 1.000000
851 2048 1.000000
852 853 1.000000
854 855 1.000000
854 856 1.000000
854 857 1.000000
854 858 1.000000
854 859 1.000000
854 860 1.000000
854 861 1.000000
854 862 1.000000
855 858 1.000000
856 940 1.000000
856 862 1.000000
857 858 1.000000
857 994 1.000000
859 976 1.000000
860 944 1.000000
860 945 1.000000
860 946 1.000000
860 947 1.000000
860 1493 1.000000
861 945 1.000000
861 1671 1.000000
863 864 1.000000
863 1266 1.000000
864 875 1.000000
864 1202 1.000000
864 1204 1.000000
864 1209 1.000000
865 866 1.000000
865 867 1.000000
865 868 1.000000
865 869 1.000000
865 870 1.000000
865 871 1.000000
865 872 1.000000
866 2073 1.000000
867 1538 1.000000
868 869 1.000000
869 871 1.000000
870 1024 1.000000
870 1131 1.000000
871 2492 1.000000
872 1156 1.000000
872 1153 1.000000
872 1157 1.000000
872 1158 1.000000
872 1159 1.000000
872 977 1.000000
872 1160 1.000000
872 1161 1.000000
872 1029 1.000000
872 1162 1.000000
872 1163 1.000000
872 1218 1.000000
872 1237 1.000000
873 880 1.000000
873 1745 1.000000
874 880 1.000000
874 1284 1.000000
875 876 1.000000
875 877 1.000000
875 878 1.000000
875 879 1.000000
875 880 1.000000
875 881 1.000000
875 882 1.000000
875 883 1.000000
875 884 1.000000
875 885 1.000000
875 886 1.000000
875 887 1.000000
875 1181 1.000000
875 1202 1.000000
875 1302 1.000000
876 1179 1.000000
877 1473 1.000000
878 1202 1.000000
878 881 1.000000
879 1192 1.000000
879 971 1.000000
879 1792 1.000000
880 1268 1.000000
880 1269 1.000000
880 1270 1.000000
880 1271 1.000000
880 1264 1.000000
880 924 1.000000
880 1272 1.000000
880 882 1.000000
880 1273 1.000000
880 1274 1.000000
880 1275 1.000000
880 1276 1.000000
880 1277 1.000000
880 881 1.000000
880 1680 1.000000
881 1202 1.000000
881 1083 1.000000
881 1209 1.000000
881 886 1.000000
881 1302 1.000000
882 1681 1.000000
882 1273 1.000000
883 1305 1.000000
883 1631 1.000000
883 1632 1.000000
883 926 1.000000
883 1205 1.000000
883 2311 1.000000
884 1879 1.000000
884 1881 1.000000
884 1476 1.000000
884 1882 1.000000
884 1389 1.000000
885 1202 1.000000
886 1206 1.000000
886 1179 1.000000
887 1266 1.000000
887 1862 1.000000
887 2128 1.000000
888 889 1.000000
889 1116 1.000000
889 1117 1.000000
891 892 1.000000
891 893 1.000000
892 894 1.000000
892 895 1.000000
892 896 1.000000
892 897 1.000000
892 893 1.000000
893 897 1.000000
893 2322 1.000000
896 897 1.000000
897 1216 1.000000
898 900 1.000000
900 1443 1.000000
901 2459 1.000000
902 1819 1.000000
902 2490 1.000000
903 1125 1.000000
903 1599 1.000000
903 2094 1.000000
903 2095 1.000000
903 1896 1.000000
903 1728 1.000000
903 2096 1.000000
903 1472 1.000000
903 1730 1.000000
903 2460 1.000000
904 905 1.000000
904 906 1.000000
904 907 1.000000
904 908 1.000000
905 907 1.000000
905 2227 1.000000
906 1904 1.000000
906 1420 1.000000
906 1422 1.000000
906 907 1.000000
907 2227 1.000000
909 910 1.000000
909 2576 1.000000
910 1136 1.000000
910 1137 1.000000
910 911 1.000000
911 2576 1.000000
911 1783 1.000000
912 913 1.000000
912 914 1.000000
913 1053 1.000000
913 2038 1.000000
914 2038 1.000000
915 916 1.000000
915 917 1.000000
915 1217 1.000000
916 1744 1.000000
918 919 1.000000
918 920 1.000000
918 921 1.000000
918 1802 1.000000
919 1304 1.000000
920 1251 1.000000
920 921 1.000000
921 1251 1.000000
923 1206 1.000000
923 1488 1.000000
924 1264 1.000000
925 1204 1.000000
925 1302 1.000000
925 1536 1.000000
927 928 1.000000
927 929 1.000000
927 930 1.000000
927 931 1.000000
927 981 1.000000
927 2583 1.000000
927 2584 1.000000
928 1608 1.000000
928 2409 1.000000
928 930 1.000000
928 2583 1.000000
929 1608 1.000000
929 2409 1.000000
929 930 1.000000
929 2583 1.000000
930 2653 1.000000
931 2409 1.000000
931 2654 1.000000
933 946 1.000000
934 946 1.000000
936 937 1.000000
936 938 1.000000
936 939 1.000000
936 978 1.000000
937 938 1.000000
938 1347 1.000000
938 974 1.000000
938 1530 1.000000
938 943 1.000000
939 988 1.000000
939 2145 1.000000
939 2146 1.000000
939 1873 1.000000
940 941 1.000000
940 942 1.000000
940 943 1.000000
942 1329 1.000000
943 958 1.000000
943 1102 1.000000
943 961 1.000000
943 963 1.000000
944 1242 1.000000
945 1324 1.000000
945 947 1.000000
946 1130 1.000000
946 1158 1.000000
946 1847 1.000000
948 1670 1.000000
949 1481 1.000000
949 1284 1.000000
949 1018 1.000000
950 951 1.000000
950 952 1.000000
950 953 1.000000
950 954 1.000000
950 955 1.000000
950 956 1.000000
950 957 1.000000
951 1222 1.000000
951 2042 1.000000
951 1853 1.000000
952 953 1.000000
952 989 1.000000
953 989 1.000000
954 1031 1.000000
955 1093 1.000000
955 1691 1.000000
955 2223 1.000000
956 1168 1.000000
956 1173 1.000000
956 1164 1.000000
956 1176 1.000000
956 1165 1.000000
956 1166 1.000000
957 2140 1.000000
957 2142 1.000000
958 1629 1.000000
958 2051 1.000000
962 970 1.000000
962 975 1.000000
964 985 1.000000
964 1481 1.000000
965 988 1.000000
967 1657 1.000000
968 1015 1.000000
969 971 1.000000
969 1671 1.000000
970 1672 1.000000
971 1438 1.000000
971 1442 1.000000
971 1440 1.000000
971 1441 1.000000
971 1791 1.000000
973 2382 1.000000
977 1667 1.000000
979 980 1.000000
980 1657 1.000000
981 1608 1.000000
983 1483 1.000000
984 1572 1.000000
984 1573 1.000000
984 1032 1.000000
984 1669 1.000000
984 2060 1.000000
984 2143 1.000000
985 1014 1.000000
985 1015 1.000000
985 1211 1.000000
987 1674 1.000000
987 1105 1.000000
987 2141 1.000000
987 2265 1.000000
988 989 1.000000
990 991 1.000000
990 992 1.000000
990 993 1.000000
990 994 1.000000
995 996 1.000000
995 1120 1.000000
995 1531 1.000000
995 1897 1.000000
996 1531 1.000000
996 1897 1.000000
997 998 1.000000
997 999 1.000000
997 1000 1.000000
998 2240 1.000000
999 2002 1.000000
1000 1251 1.000000
1001 1795 1.000000
1002 1795 1.000000
1003 1795 1.000000
1004 1795 1.000000
1005 1006 1.000000
1005 1007 1.000000
1005 1008 1.000000
1006 1850 1.000000
1007 1375 1.000000
1007 1961 1.000000
1009 1010 1.000000
1011 1012 1.000000
1011 1013 1.000000
1013 2234 1.000000
1014 1015 1.000000
1015 1016 1.000000
1015 1017 1.000000
1015 1018 1.000000
1016 1445 1.000000
1016 1446 1.000000
1017 1481 1.000000
1017 2356 1.000000
1019 1020 1.000000
1019 1192 1.000000
1019 1302 1.000000
1020 1471 1.000000
1021 1824 1.000000
1021 1829 1.000000
1021 1830 1.000000
1021 1023 1.000000
1021 1832 1.000000
1021 1022 1.000000
1022 1830 1.000000
1022 1023 1.000000
1022 1832 1.000000
1023 1830 1.000000
1024 1025 1.000000
1024 1026 1.000000
1024 1027 1.000000
1024 1028 1.000000
1024 1029 1.000000
1024 1030 1.000000
1024 1031 1.000000
1026 1206 1.000000
1027 2241 1.000000
1029 1927 1.000000
1029 1157 1.000000
1029 1160 1.000000
1030 1314 1.000000
1030 1959 1.000000
1030 1318 1.000000
1031 1191 1.000000
1032 1572 1.000000
1032 2179 1.000000
1033 1079 1.000000
1033 1080 1.000000
1033 1081 1.000000
1033 1082 1.000000
1033 1083 1.000000
1033 1969 1.000000
1034 1035 1.000000
1034 1036 1.000000
1034 1038 1.000000
1035 1379 1.000000
1035 2350 1.000000
1035 2149 1.000000
1035 2164 1.000000
1036 1038 1.000000
1036 2164 1.000000
1038 1039 1.000000
1038 1040 1.000000
1038 1041 1.000000
1039 1782 1.000000
1041 1781 1.000000
1042 1043 1.000000
1043 1397 1.000000
1043 1835 1.000000
1043 1400 1.000000
1044 1045 1.000000
1044 1046 1.000000
1044 1047 1.000000
1044 1048 1.000000
1044 1049 1.000000
1044 1050 1.000000
1044 1051 1.000000
1044 1052 1.000000
1045 1608 1.000000
1046 1776 1.000000
1046 1799 1.000000
1046 2171 1.000000
1046 1048 1.000000
1047 1742 1.000000
1047 1792 1.000000
1047 1052 1.000000
1048 1053 1.000000
1048 1742 1.000000
1048 1799 1.000000
1048 1792 1.000000
1049 1695 1.000000
1049 1742 1.000000
1049 2491 1.000000
1050 1742 1.000000
1050 1052 1.000000
1051 1053 1.000000
1052 1467 1.000000
1052 1742 1.000000
1053 1054 1.000000
1053 1055 1.000000
1053 1056 1.000000
1053 1695 1.000000
1053 1934 1.000000
1054 1403 1.000000
1054 1684 1.000000
1054 1742 1.000000
1055 1334 1.000000
1055 1789 1.000000
1055 1056 1.000000
1055 1915 1.000000
1056 1334 1.000000
1056 1789 1.000000
1057 1058 1.000000
1057 1059 1.000000
1057 1060 1.000000
1057 1061 1.000000
1057 1062 1.000000
1057 1063 1.000000
1057 1320 1.000000
1058 1062 1.000000
1058 1060 1.000000
1058 1320 1.000000
1058 1070 1.000000
1059 1068 1.000000
1060 1066 1.000000
1060 1067 1.000000
1060 1320 1.000000
1060 1070 1.000000
1060 1062 1.000000
1060 1063 1.000000
1061 1062 1.000000
1061 1071 1.000000
1061 2093 1.000000
1062 1064 1.000000
1062 1065 1.000000
1062 1066 1.000000
1062 1067 1.000000
1062 1068 1.000000
1062 1069 1.000000
1062 1070 1.000000
1062 1320 1.000000
1063 2092 1.000000
1063 2093 1.000000
1064 1069 1.000000
1065 1068 1.000000
1065 2313 1.000000
1066 1719 1.000000
1067 1068 1.000000
1067 2313 1.000000
1069 1320 1.000000
1069 1070 1.000000
1070 1320 1.000000
1071 1072 1.000000
1071 1073 1.000000
1071 1074 1.000000
1071 1434 1.000000
1071 2629 1.000000
1075 1090 1.000000
1075 2079 1.000000
1076 1077 1.000000
1076 2054 1.000000
1077 1539 1.000000
1078 1084 1.000000
1079 1206 1.000000
1079 1083 1.000000
1080 1082 1.000000
1080 1083 1.000000
1081 1538 1.000000
1082 1083 1.000000
1083 1206 1.000000
1083 1862 1.000000
1084 1085 1.000000
1084 1086 1.000000
1084 1564 1.000000
1084 1303 1.000000
1087 1088 1.000000
1087 1564 1.000000
1088 2451 1.000000
1089 1197 1.000000
1089 1563 1.000000
1091 1092 1.000000
1093 1094 1.000000
1093 1095 1.000000
1093 1096 1.000000
1094 1493 1.000000
1094 2672 1.000000
1095 1378 1.000000
1095 1370 1.000000
1095 1376 1.000000
1095 1715 1.000000
1096 1956 1.000000
1097 1098 1.000000
1097 1099 1.000000
1098 2689 1.000000
1098 2692 1.000000
1098 1101 1.000000
1099 1100 1.000000
1101 2691 1.000000
1101 2693 1.000000
1101 2692 1.000000
1102 1324 1.000000
1103 1104 1.000000
1103 1105 1.000000
1103 1674 1.000000
1103 2141 1.000000
1103 2265 1.000000
1103 1677 1.000000
1104 1674 1.000000
1104 2141 1.000000
1104 2265 1.000000
1105 1670 1.000000
1105 2004 1.000000
1106 1107 1.000000
1106 1108 1.000000
1106 1109 1.000000
1106 1110 1.000000
1106 1111 1.000000
1106 1112 1.000000
1106 2097 1.000000
1107 1112 1.000000
1107 1110 1.000000
1108 1111 1.000000
1108 1115 1.000000
1109 1111 1.000000
1109 2074 1.000000
1109 2076 1.000000
1109 2327 1.000000
1109 2329 1.000000
1110 1111 1.000000
1110 2097 1.000000
1110 1112 1.000000
1111 1113 1.000000
1111 1114 1.000000
1111 1115 1.000000
1112 2097 1.000000
1116 1117 1.000000
1117 2449 1.000000
1118 1119 1.000000
1118 1590 1.000000
1119 1654 1.000000
1119 1563 1.000000
1120 1121 1.000000
1120 1122 1.000000
1120 1123 1.000000
1120 1124 1.000000
1120 1125 1.000000
1120 1126 1.000000
1120 1127 1.000000
1120 1128 1.000000
1120 1129 1.000000
1120 1130 1.000000
1120 1131 1.000000
1120 1132 1.000000
1120 1133 1.000000
1120 1134 1.000000
1120 1135 1.000000
1121 2242 1.000000
1121 1892 1.000000
1122 1531 1.000000
1122 1897 1.000000
1123 1132 1.000000
1123 1128 1.000000
1124 1795 1.000000
1125 1131 1.000000
1126 1131 1.000000
1127 1128 1.000000
1128 1132 1.000000
1129 1525 1.000000
1129 2073 1.000000
1130 1218 1.000000
1130 1559 1.000000
1130 1560 1.000000
1130 1219 1.000000
1130 1561 1.000000
1130 1562 1.000000
1130 1221 1.000000
1130 1563 1.000000
1130 1535 1.000000
1130 1564 1.000000
1130 1565 1.000000
1130 1131 1.000000
1131 1587 1.000000
1131 1303 1.000000
1131 1253 1.000000
1131 1588 1.000000
1131 1589 1.000000
1131 1590 1.000000
1131 1466 1.000000
1131 1591 1.000000
1131 1654 1.000000
1134 1995 1.000000
1135 1256 1.000000
1136 1137 1.000000
1136 1138 1.000000
1136 2039 1.000000
1136 2238 1.000000
1138 1698 1.000000
1139 1140 1.000000
1139 1141 1.000000
1139 1142 1.000000
1139 1143 1.000000
1140 1147 1.000000
1140 1322 1.000000
1142 1143 1.000000
1142 2664 1.000000
1143 1144 1.000000
1143 1145 1.000000
1143 1146 1.000000
1143 1147 1.000000
1144 2398 1.000000
1145 1246 1.000000
1146 1248 1.000000
1146 2398 1.000000
1147 1322 1.000000
1147 1323 1.000000
1148 1149 1.000000
1148 1150 1.000000
1149 1307 1.000000
1149 1298 1.000000
1149 1417 1.000000
1150 1151 1.000000
1150 1704 1.000000
1152 1153 1.000000
1152 1154 1.000000
1152 2289 1.000000
1153 1155 1.000000
1154 1344 1.000000
1154 1564 1.000000
1156 2119 1.000000
1157 1158 1.000000
1157 2127 1.000000
1158 1645 1.000000
1158 1159 1.000000
1158 1646 1.000000
1158 1161 1.000000
1159 1891 1.000000
1161 1571 1.000000
1161 1646 1.000000
1161 1927 1.000000
1162 1163 1.000000
1164 1963 1.000000
1165 1168 1.000000
1165 1173 1.000000
1166 1173 1.000000
1168 1169 1.000000
1168 1170 1.000000
1168 1171 1.000000
1168 1172 1.000000
1169 1885 1.000000
1169 1905 1.000000
1169 1906 1.000000
1170 1885 1.000000
1170 1905 1.000000
1173 1174 1.000000
1173 1175 1.000000
1174 1907 1.000000
1174 2147 1.000000
1174 2318 1.000000
1174 1909 1.000000
1175 1814 1.000000
1176 1963 1.000000
1177 1178 1.000000
1179 1180 1.000000
1179 1181 1.000000
1179 1206 1.000000
1180 1181 1.000000
1181 1202 1.000000
1181 1206 1.000000
1182 1183 1.000000
1182 1184 1.000000
1185 1186 1.000000
1185 1187 1.000000
1185 1719 1.000000
1186 1719 1.000000
1186 2582 1.000000
1187 1719 1.000000
1187 1721 1.000000
1187 1725 1.000000
1187 1849 1.000000
1188 1189 1.000000
1188 1190 1.000000
1188 1750 1.000000
1188 1751 1.000000
1189 1190 1.000000
1189 2089 1.000000
1189 2091 1.000000
1189 1751 1.000000
1190 1418 1.000000
1190 1749 1.000000
1190 1750 1.000000
1190 1751 1.000000
1190 1752 1.000000
1190 2091 1.000000
1191 1756 1.000000
1191 2430 1.000000
1191 1766 1.000000
1192 1193 1.000000
1194 1195 1.000000
1194 1196 1.000000
1194 1197 1.000000
1194 1198 1.000000
1194 1199 1.000000
1194 1200 1.000000
1194 1202 1.000000
1194 1206 1.000000
1195 1715 1.000000
1195 1464 1.000000
1197 1374 1.000000
1197 1199 1.000000
1197 1375 1.000000
1202 1203 1.000000
1202 1204 1.000000
1202 1205 1.000000
1202 1206 1.000000
1202 1207 1.000000
1202 1208 1.000000
1202 1209 1.000000
1202 1210 1.000000
1203 1286 1.000000
1203 1267 1.000000
1203 1210 1.000000
1203 1206 1.000000
1204 1260 1.000000
1204 1261 1.000000
1204 1262 1.000000
1204 1287 1.000000
1204 1302 1.000000
1205 1305 1.000000
1205 1208 1.000000
1205 1979 1.000000
1206 1302 1.000000
1206 1384 1.000000
1206 1385 1.000000
1206 1386 1.000000
1206 1273 1.000000
1206 1387 1.000000
1206 1388 1.000000
1206 1389 1.000000
1207 1208 1.000000
1207 1979 1.000000
1207 2005 1.000000
1207 1286 1.000000
1208 1286 1.000000
1209 1302 1.000000
1209 1746 1.000000
1209 1708 1.000000
1209 1280 1.000000
1209 2031 1.000000
1209 1284 1.000000
1209 1285 1.000000
1210 1302 1.000000
1211 1212 1.000000
1211 1213 1.000000
1211 1214 1.000000
1211 1215 1.000000
1211 1216 1.000000
1211 1217 1.000000
1211 1237 1.000000
1212 1214 1.000000
1213 1215 1.000000
1218 1219 1.000000
1218 1220 1.000000
1218 1221 1.000000
1218 1222 1.000000
1218 1562 1.000000
1219 1562 1.000000
1219 1221 1.000000
1220 1957 1.000000
1220 1958 1.000000
1220 1513 1.000000
1221 1562 1.000000
1222 1852 1.000000
1222 1853 1.000000
1223 1224 1.000000
1223 1225 1.000000
1223 1226 1.000000
1223 1227 1.000000
1223 1228 1.000000
1223 1229 1.000000
1223 1230 1.000000
1223 1231 1.000000
1223 1232 1.000000
1225 1264 1.000000
1225 1280 1.000000
1225 1289 1.000000
1225 1230 1.000000
1226 1228 1.000000
1226 1230 1.000000
1226 1231 1.000000
1227 1230 1.000000
1227 1713 1.000000
1227 1706 1.000000
1227 1731 1.000000
1227 2354 1.000000
1228 1229 1.000000
1228 1232 1.000000
1228 1230 1.000000
1229 1232 1.000000
1229 1230 1.000000
1229 1231 1.000000
1230 1705 1.000000
1230 1601 1.000000
1230 1706 1.000000
1230 1707 1.000000
1230 1708 1.000000
1230 1709 1.000000
1230 1710 1.000000
1230 1711 1.000000
1230 1712 1.000000
1230 1713 1.000000
1230 1231 1.000000
1230 1232 1.000000
1230 1714 1.000000
1231 1232 1.000000
1233 1981 1.000000
1236 1668 1.000000
1237 1238 1.000000
1237 1239 1.000000
1237 1240 1.000000
1237 1241 1.000000
1239 1458 1.000000
1239 1488 1.000000
1239 1609 1.000000
1240 1512 1.000000
1240 1513 1.000000
1240 1514 1.000000
1240 1515 1.000000
1240 1516 1.000000
1240 1517 1.000000
1240 1518 1.000000
1240 1519 1.000000
1240 1520 1.000000
1240 1521 1.000000
1240 1522 1.000000
1240 1523 1.000000
1240 1524 1.000000
1240 1525 1.000000
1240 1526 1.000000
1240 1527 1.000000
1240 1528 1.000000
1240 1509 1.000000
1243 1738 1.000000
1243 1833 1.000000
1243 1790 1.000000
1243 1501 1.000000
1244 1245 1.000000
1244 1246 1.000000
1244 1247 1.000000
1244 1248 1.000000
1245 2347 1.000000
1245 2349 1.000000
1245 1247 1.000000
1246 2347 1.000000
1246 2349 1.000000
1246 2348 1.000000
1247 2347 1.000000
1247 2349 1.000000
1248 2398 1.000000
1249 1250 1.000000
1250 1256 1.000000
1250 1257 1.000000
1250 1258 1.000000
1251 1252 1.000000
1251 1253 1.000000
1251 1254 1.000000
1254 2255 1.000000
1256 1748 1.000000
1257 1869 1.000000
1257 1870 1.000000
1259 1260 1.000000
1259 1306 1.000000
1261 1262 1.000000
1261 1263 1.000000
1261 1302 1.000000
1261 1305 1.000000
1261 1306 1.000000
1262 1267 1.000000
1262 1288 1.000000
1262 1305 1.000000
1262 1306 1.000000
1263 1288 1.000000
1263 1279 1.000000
1263 1634 1.000000
1264 1265 1.000000
1264 1280 1.000000
1264 1289 1.000000
1265 1280 1.000000
1265 1289 1.000000
1265 1290 1.000000
1266 1267 1.000000
1267 1288 1.000000
1268 1275 1.000000
1269 1634 1.000000
1269 1350 1.000000
1269 2115 1.000000
1271 1380 1.000000
1272 1680 1.000000
1272 1681 1.000000
1273 1288 1.000000
1274 1679 1.000000
1277 1467 1.000000
1277 1684 1.000000
1277 1679 1.000000
1278 1279 1.000000
1279 1633 1.000000
1279 1861 1.000000
1279 1862 1.000000
1280 1281 1.000000
1280 1282 1.000000
1280 1283 1.000000
1280 1284 1.000000
1280 1285 1.000000
1280 1302 1.000000
1281 1302 1.000000
1281 1285 1.000000
1282 1302 1.000000
1284 1708 1.000000
1284 1285 1.000000
1285 1302 1.000000
1286 2005 1.000000
1287 1305 1.000000
1287 1306 1.000000
1288 1305 1.000000
1288 1306 1.000000
1289 1290 1.000000
1290 2152 1.000000
1290 1675 1.000000
1291 2166 1.000000
1292 1501 1.000000
1292 1294 1.000000
1293 1501 1.000000
1293 1294 1.000000
1296 1501 1.000000
1297 1298 1.000000
1297 1299 1.000000
1297 1300 1.000000
1298 1301 1.000000
1298 1302 1.000000
1299 1407 1.000000
1299 1412 1.000000
1300 1407 1.000000
1300 1413 1.000000
1300 1417 1.000000
1301 1419 1.000000
1302 1303 1.000000
1302 1304 1.000000
1302 1305 1.000000
1302 1306 1.000000
1303 1587 1.000000
1303 1588 1.000000
1304 1675 1.000000
1304 2273 1.000000
1305 1536 1.000000
1305 1537 1.000000
1305 1306 1.000000
1306 1537 1.000000
1307 1496 1.000000
1309 1314 1.000000
1309 1959 1.000000
1311 1314 1.000000
1311 1959 1.000000
1312 1314 1.000000
1312 1959 1.000000
1312 1318 1.000000
1312 1313 1.000000
1312 1316 1.000000
1313 1315 1.000000
1314 1959 1.000000
1314 1319 1.000000
1315 1962 1.000000
1315 1483 1.000000
1315 1660 1.000000
1317 2259 1.000000
1317 2261 1.000000
1318 1959 1.000000
1319 1959 1.000000
1320 1321 1.000000
1321 2131 1.000000
1321 2133 1.000000
1321 2132 1.000000
1322 1323 1.000000
1325 1326 1.000000
1325 1327 1.000000
1326 1327 1.000000
1326 1329 1.000000
1327 1328 1.000000
1327 1329 1.000000
1328 1329 1.000000
1328 1333 1.000000
1328 1504 1.000000
1328 1599 1.000000
1328 1332 1.000000
1329 1330 1.000000
1329 1331 1.000000
1329 1332 1.000000
1330 2077 1.000000
1330 2078 1.000000
1331 1729 1.000000
1332 2039 1.000000
1332 1676 1.000000
1332 2224 1.000000
1335 1336 1.000000
1335 1337 1.000000
1335 1338 1.000000
1335 2098 1.000000
1336 1339 1.000000
1336 1340 1.000000
1336 1338 1.000000
1336 1341 1.000000
1336 2098 1.000000
1337 1342 1.000000
1337 2098 1.000000
1338 1343 1.000000
1339 1342 1.000000
1339 2193 1.000000
1340 1342 1.000000
1340 1341 1.000000
1341 1342 1.000000
1341 2193 1.000000
1342 1343 1.000000
1344 1345 1.000000
1347 1348 1.000000
1348 2129 1.000000
1349 1350 1.000000
1351 1352 1.000000
1351 1353 1.000000
1351 1354 1.000000
1351 1355 1.000000
1352 2101 1.000000
1352 1354 1.000000
1352 1355 1.000000
1352 2174 1.000000
1354 2147 1.000000
1354 1355 1.000000
1356 1357 1.000000
1356 1999 1.000000
1357 1358 1.000000
1358 1359 1.000000
1359 1423 1.000000
1359 1435 1.000000
1359 2610 1.000000
1360 1361 1.000000
1360 1362 1.000000
1360 1363 1.000000
1360 1364 1.000000
1360 1365 1.000000
1360 1366 1.000000
1361 1363 1.000000
1361 1368 1.000000
1361 1364 1.000000
1362 1363 1.000000
1362 1368 1.000000
1362 1365 1.000000
1363 1367 1.000000
1363 1364 1.000000
1363 1365 1.000000
1363 1366 1.000000
1363 1368 1.000000
1364 1368 1.000000
1364 1366 1.000000
1365 1368 1.000000
1365 1367 1.000000
1366 1368 1.000000
1367 1368 1.000000
1369 1370 1.000000
1369 1371 1.000000
1370 1372 1.000000
1370 1378 1.000000
1372 1373 1.000000
1372 1374 1.000000
1372 1375 1.000000
1372 1376 1.000000
1372 1377 1.000000
1373 1623 1.000000
1373 1824 1.000000
1373 2079 1.000000
1373 1832 1.000000
1374 1375 1.000000
1375 1936 1.000000
1375 1960 1.000000
1375 1961 1.000000
1376 1824 1.000000
1376 2079 1.000000
1376 1832 1.000000
1376 1827 1.000000
1378 1928 1.000000
1379 1380 1.000000
1379 1916 1.000000
1379 1917 1.000000
1381 1382 1.000000
1381 1383 1.000000
1381 1592 1.000000
1381 1738 1.000000
1382 1621 1.000000
1382 1622 1.000000
1382 1608 1.000000
1383 2345 1.000000
1384 2134 1.000000
1385 1584 1.000000
1386 1979 1.000000
1386 2014 1.000000
1387 1390 1.000000
1388 1582 1.000000
1388 1854 1.000000
1389 2014 1.000000
1389 2122 1.000000
1389 1882 1.000000
1389 2123 1.000000
1389 2124 1.000000
1389 1879 1.000000
1392 2310 1.000000
1393 1394 1.000000
1393 2310 1.000000
1394 1396 1.000000
1395 2179 1.000000
1397 1398 1.000000
1398 1399 1.000000
1398 1403 1.000000
1399 1400 1.000000
1399 1401 1.000000
1399 1402 1.000000
1400 1403 1.000000
1400 1835 1.000000
1400 2512 1.000000
1401 1835 1.000000
1401 2055 1.000000
1401 2512 1.000000
1401 1843 1.000000
1401 2343 1.000000
1401 2057 1.000000
1402 1835 1.000000
1402 2512 1.000000
1402 1843 1.000000
1402 2670 1.000000
1402 1838 1.000000
1402 1405 1.000000
1402 2669 1.000000
1403 1404 1.000000
1403 1405 1.000000
1403 1406 1.000000
1405 1835 1.000000
1405 1838 1.000000
1405 1406 1.000000
1405 1842 1.000000
1405 2013 1.000000
1406 2056 1.000000
1406 1844 1.000000
1407 1408 1.000000
1407 1409 1.000000
1407 1410 1.000000
1408 1688 1.000000
1408 1691 1.000000
1409 2214 1.000000
1411 1419 1.000000
1412 1417 1.000000
1412 1875 1.000000
1413 1414 1.000000
1413 1415 1.000000
1413 1416 1.000000
1414 1419 1.000000
1415 1416 1.000000
1416 1420 1.000000
1416 2660 1.000000
1417 1418 1.000000
1418 1419 1.000000
1418 1565 1.000000
1418 1608 1.000000
1419 1420 1.000000
1419 1421 1.000000
1419 1422 1.000000
1420 2149 1.000000
1420 2163 1.000000
1420 2226 1.000000
1420 2319 1.000000
1421 2201 1.000000
1422 2226 1.000000
1422 2319 1.000000
1423 1424 1.000000
1423 1425 1.000000
1423 1426 1.000000
1423 1427 1.000000
1423 1428 1.000000
1423 1429 1.000000
1423 1430 1.000000
1423 1431 1.000000
1423 1432 1.000000
1423 1433 1.000000
1423 1434 1.000000
1423 2587 1.000000
1423 2600 1.000000
1424 2591 1.000000
1425 2591 1.000000
1425 2596 1.000000
1425 1430 1.000000
1425 1431 1.000000
1426 2625 1.000000
1427 2596 1.000000
1427 1430 1.000000
1427 2600 1.000000
1428 1816 1.000000
1428 1435 1.000000
1429 2609 1.000000
1430 2611 1.000000
1430 2612 1.000000
1430 2613 1.000000
1430 2599 1.000000
1430 2162 1.000000
1430 2596 1.000000
1430 2600 1.000000
1430 2601 1.000000
1430 1431 1.000000
1430 2614 1.000000
1430 2615 1.000000
1430 2212 1.000000
1430 1434 1.000000
1431 2162 1.000000
1431 2591 1.000000
1431 2600 1.000000
1432 2591 1.000000
1432 2592 1.000000
1433 1815 1.000000
1434 2162 1.000000
1434 2591 1.000000
1434 2596 1.000000
1435 1436 1.000000
1435 1437 1.000000
1436 2047 1.000000
1437 2047 1.000000
1438 1439 1.000000
1438 1440 1.000000
1438 1441 1.000000
1439 2203 1.000000
1440 1441 1.000000
1442 1791 1.000000
1442 1799 1.000000
1442 1792 1.000000
1447 1448 1.000000
1449 1450 1.000000
1453 1454 1.000000
1454 1455 1.000000
1454 2117 1.000000
1455 1456 1.000000
1455 1457 1.000000
1457 2327 1.000000
1457 1904 1.000000
1458 1889 1.000000
1459 1460 1.000000
1459 1461 1.000000
1459 1462 1.000000
1460 1684 1.000000
1460 1686 1.000000
1460 1687 1.000000
1461 1462 1.000000
1463 1464 1.000000
1464 1684 1.000000
1465 1466 1.000000
1465 1467 1.000000
1466 1467 1.000000
1466 1776 1.000000
1467 1468 1.000000
1467 1469 1.000000
1467 1470 1.000000
1467 1471 1.000000
1467 1472 1.000000
1468 1684 1.000000
1468 2160 1.000000
1469 1475 1.000000
1469 2256 1.000000
1471 1684 1.000000
1471 2025 1.000000
1471 2026 1.000000
1471 2171 1.000000
1471 2496 1.000000
1472 2095 1.000000
1473 1474 1.000000
1475 1476 1.000000
1475 1477 1.000000
1477 1478 1.000000
1477 1480 1.000000
1478 1479 1.000000
1481 1482 1.000000
1482 1483 1.000000
1483 1484 1.000000
1485 1990 1.000000
1485 1554 1.000000
1485 2548 1.000000
1487 2044 1.000000
1488 1489 1.000000
1488 1490 1.000000
1488 1491 1.000000
1488 1492 1.000000
1490 1491 1.000000
1490 1745 1.000000
1490 1653 1.000000
1492 1648 1.000000
1492 1609 1.000000
1493 1494 1.000000
1493 1495 1.000000
1493 1496 1.000000
1493 1497 1.000000
1493 1498 1.000000
1493 1499 1.000000
1493 1500 1.000000
1493 1501 1.000000
1493 1502 1.000000
1493 1503 1.000000
1493 2704 1.000000
1493 2706 1.000000
1495 1496 1.000000
1495 1499 1.000000
1495 1500 1.000000
1496 2202 1.000000
1496 1499 1.000000
1496 1500 1.000000
1497 1736 1.000000
1497 1769 1.000000
1497 1993 1.000000
1498 2368 1.000000
1501 2030 1.000000
1501 1833 1.000000
1501 2160 1.000000
1502 2704 1.000000
1502 2706 1.000000
1502 2705 1.000000
1503 2671 1.000000
1504 1505 1.000000
1504 1599 1.000000
1505 1582 1.000000
1505 1599 1.000000
1505 1615 1.000000
1505 1616 1.000000
1505 1606 1.000000
1506 1507 1.000000
1506 1508 1.000000
1506 1509 1.000000
1506 1510 1.000000
1507 1514 1.000000
1507 1521 1.000000
1507 1508 1.000000
1507 2188 1.000000
1508 1521 1.000000
1508 1511 1.000000
1509 1510 1.000000
1509 1823 1.000000
1509 1514 1.000000
1509 1775 1.000000
1510 1511 1.000000
1511 1823 1.000000
1511 1775 1.000000
1511 2188 1.000000
1513 1957 1.000000
1513 2036 1.000000
1513 2178 1.000000
1527 1528 1.000000
1529 1795 1.000000
1530 2042 1.000000
1531 1532 1.000000
1531 1533 1.000000
1531 1534 1.000000
1531 1535 1.000000
1533 1891 1.000000
1533 1893 1.000000
1533 2461 1.000000
1534 1715 1.000000
1535 1891 1.000000
1535 1893 1.000000
1535 1559 1.000000
1535 1560 1.000000
1536 1634 1.000000
1537 2482 1.000000
1540 1541 1.000000
1540 1542 1.000000
1540 1543 1.000000
1540 1544 1.000000
1540 1545 1.000000
1541 1543 1.000000
1541 1715 1.000000
1541 2361 1.000000
1541 1544 1.000000
1543 1544 1.000000
1543 1545 1.000000
1544 1715 1.000000
1545 1715 1.000000
1545 1835 1.000000
1547 1548 1.000000
1547 1549 1.000000
1547 1550 1.000000
1547 1551 1.000000
1547 1552 1.000000
1547 1553 1.000000
1547 1554 1.000000
1547 1555 1.000000
1548 1552 1.000000
1549 1552 1.000000
1549 1663 1.000000
1550 1552 1.000000
1551 2259 1.000000
1551 1806 1.000000
1551 2260 1.000000
1551 2261 1.000000
1552 1555 1.000000
1553 1955 1.000000
1553 1948 1.000000
1554 2015 1.000000
1556 1557 1.000000
1556 1558 1.000000
1557 1558 1.000000
1557 2071 1.000000
1558 2071 1.000000
1559 1891 1.000000
1559 1893 1.000000
1559 1560 1.000000
1560 1891 1.000000
1561 1850 1.000000
1563 1590 1.000000
1563 1793 1.000000
1563 1794 1.000000
1563 1564 1.000000
1565 2135 1.000000
1566 2326 1.000000
1567 1568 1.000000
1568 1569 1.000000
1568 1570 1.000000
1568 1571 1.000000
1571 1646 1.000000
1571 1927 1.000000
1572 1573 1.000000
1573 2143 1.000000
1574 1575 1.000000
1574 1576 1.000000
1574 2236 1.000000
1574 2237 1.000000
1575 1577 1.000000
1575 1578 1.000000
1575 1579 1.000000
1575 1580 1.000000
1575 1581 1.000000
1575 2009 1.000000
1575 2121 1.000000
1576 1578 1.000000
1577 2235 1.000000
1578 2006 1.000000
1578 2009 1.000000
1578 1580 1.000000
1578 1579 1.000000
1579 2009 1.000000
1579 2235 1.000000
1579 2011 1.000000
1579 2012 1.000000
1580 2006 1.000000
1580 2009 1.000000
1581 2009 1.000000
1581 2010 1.000000
1581 2118 1.000000
1581 2012 1.000000
1582 1583 1.000000
1582 1584 1.000000
1582 1599 1.000000
1582 1609 1.000000
1582 1611 1.000000
1582 2415 1.000000
1583 1599 1.000000
1583 1611 1.000000
1585 1867 1.000000
1586 1802 1.000000
1589 1836 1.000000
1591 2108 1.000000
1592 1593 1.000000
1592 1594 1.000000
1594 2467 1.000000
1595 1596 1.000000
1595 1597 1.000000
1599 1600 1.000000
1599 1601 1.000000
1599 1602 1.000000
1599 1603 1.000000
1599 1604 1.000000
1599 1605 1.000000
1599 1606 1.000000
1599 1607 1.000000
1599 1608 1.000000
1599 1609 1.000000
1599 1610 1.000000
1599 1611 1.000000
1599 1612 1.000000
1599 1613 1.000000
1602 2064 1.000000
1602 1627 1.000000
1603 1611 1.000000
1605 2221 1.000000
1606 1616 1.000000
1607 1795 1.000000
1607 1868 1.000000
1608 1692 1.000000
1608 1845 1.000000
1608 2363 1.000000
1609 1653 1.000000
1609 1650 1.000000
1609 1651 1.000000
1609 1652 1.000000
1610 2429 1.000000
1612 2653 1.000000
1614 1615 1.000000
1614 1616 1.000000
1614 1617 1.000000
1614 1618 1.000000
1615 1618 1.000000
1617 1618 1.000000
1618 2254 1.000000
1619 2435 1.000000
1620 2332 1.000000
1621 2137 1.000000
1622 2266 1.000000
1622 2267 1.000000
1622 1740 1.000000
1623 1624 1.000000
1623 1625 1.000000
1623 1626 1.000000
1623 1627 1.000000
1623 2186 1.000000
1625 1654 1.000000
1626 1921 1.000000
1627 2467 1.000000
1627 2066 1.000000
1628 1629 1.000000
1629 1897 1.000000
1630 1921 1.000000
1631 2311 1.000000
1632 2311 1.000000
1633 1862 1.000000
1633 2128 1.000000
1641 1642 1.000000
1641 1643 1.000000
1641 1644 1.000000
1643 1647 1.000000
1644 1824 1.000000
1644 1827 1.000000
1648 1649 1.000000
1648 1650 1.000000
1648 1651 1.000000
1648 1652 1.000000
1660 1962 1.000000
1661 2524 1.000000
1662 1663 1.000000
1662 1940 1.000000
1663 1938 1.000000
1663 2167 1.000000
1663 1941 1.000000
1663 1942 1.000000
1663 1943 1.000000
1663 2168 1.000000
1665 1666 1.000000
1669 2356 1.000000
1672 1673 1.000000
1674 1675 1.000000
1674 1676 1.000000
1674 1677 1.000000
1676 1693 1.000000
1676 1695 1.000000
1680 1681 1.000000
1682 2535 1.000000
1682 2536 1.000000
1684 1685 1.000000
1685 1777 1.000000
1685 1778 1.000000
1685 2170 1.000000
1685 1915 1.000000
1688 1689 1.000000
1688 1690 1.000000
1688 1691 1.000000
1688 1692 1.000000
1688 1693 1.000000
1688 1694 1.000000
1689 2258 1.000000
1691 1694 1.000000
1692 2258 1.000000
1692 2040 1.000000
1695 1934 1.000000
1696 1697 1.000000
1699 1971 1.000000
1701 1702 1.000000
1703 1704 1.000000
1704 1891 1.000000
1704 2041 1.000000
1706 1713 1.000000
1707 2525 1.000000
1713 1731 1.000000
1713 2351 1.000000
1713 2355 1.000000
1715 1716 1.000000
1716 1717 1.000000
1716 1718 1.000000
1716 2127 1.000000
1717 1718 1.000000
1719 1720 1.000000
1719 1721 1.000000
1719 1722 1.000000
1719 1723 1.000000
1719 1724 1.000000
1719 1725 1.000000
1719 2582 1.000000
1720 1721 1.000000
1720 1723 1.000000
1721 1725 1.000000
1721 1849 1.000000
1721 2582 1.000000
1722 1849 1.000000
1722 2582 1.000000
1723 2582 1.000000
1726 1727 1.000000
1728 1729 1.000000
1728 1730 1.000000
1729 1730 1.000000
1729 2096 1.000000
1729 2460 1.000000
1730 1818 1.000000
1731 2351 1.000000
1731 2357 1.000000
1731 2355 1.000000
1732 1733 1.000000
1732 1734 1.000000
1732 1735 1.000000
1732 1736 1.000000
1732 1737 1.000000
1734 2360 1.000000
1735 2132 1.000000
1735 2130 1.000000
1736 1886 1.000000
1736 1855 1.000000
1736 1769 1.000000
1736 1770 1.000000
1736 1887 1.000000
1738 1739 1.000000
1738 1740 1.000000
1738 1741 1.000000
1739 2317 1.000000
1742 1743 1.000000
1745 1746 1.000000
1746 2031 1.000000
1747 1894 1.000000
1749 1752 1.000000
1749 1751 1.000000
1750 1752 1.000000
1750 1751 1.000000
1751 1752 1.000000
1751 2091 1.000000
1752 1753 1.000000
1754 1976 1.000000
1755 2325 1.000000
1756 1757 1.000000
1756 1758 1.000000
1756 1759 1.000000
1756 1760 1.000000
1756 1761 1.000000
1756 1762 1.000000
1756 1763 1.000000
1756 1764 1.000000
1756 1765 1.000000
1756 1766 1.000000
1756 1767 1.000000
1756 1768 1.000000
1756 2063 1.000000
1757 1883 1.000000
1757 2063 1.000000
1758 1763 1.000000
1759 1763 1.000000
1760 1883 1.000000
1761 1883 1.000000
1761 2063 1.000000
1762 1764 1.000000
1762 1765 1.000000
1762 1768 1.000000
1762 2378 1.000000
1764 1767 1.000000
1764 1768 1.000000
1764 1765 1.000000
1764 2378 1.000000
1765 1768 1.000000
1765 1883 1.000000
1765 2063 1.000000
1765 1767 1.000000
1766 2063 1.000000
1767 1883 1.000000
1767 2063 1.000000
1770 2318 1.000000
1770 1990 1.000000
1771 1772 1.000000
1771 1773 1.000000
1772 2417 1.000000
1775 2386 1.000000
1776 1777 1.000000
1776 1778 1.000000
1776 1779 1.000000
1777 2169 1.000000
1777 2165 1.000000
1777 2170 1.000000
1777 2171 1.000000
1777 1778 1.000000
1778 2170 1.000000
1778 2173 1.000000
1779 2504 1.000000
1780 1990 1.000000
1781 1982 1.000000
1781 1782 1.000000
1782 1982 1.000000
1783 2432 1.000000
1783 2433 1.000000
1784 1785 1.000000
1786 2230 1.000000
1787 1805 1.000000
1790 1833 1.000000
1791 1792 1.000000
1792 1799 1.000000
1792 2085 1.000000
1792 2086 1.000000
1792 1800 1.000000
1792 1801 1.000000
1796 2086 1.000000
1796 2172 1.000000
1797 1798 1.000000
1797 1799 1.000000
1797 1800 1.000000
1797 1801 1.000000
1797 2338 1.000000
1798 2338 1.000000
1798 2342 1.000000
1798 2086 1.000000
1798 1915 1.000000
1798 2173 1.000000
1800 1801 1.000000
1803 1804 1.000000
1803 1891 1.000000
1803 1892 1.000000
1807 1814 1.000000
1807 2374 1.000000
1807 1876 1.000000
1808 1963 1.000000
1809 1940 1.000000
1810 1963 1.000000
1810 1811 1.000000
1811 1963 1.000000
1812 1963 1.000000
1812 2498 1.000000
1813 1963 1.000000
1814 1887 1.000000
1815 1816 1.000000
1815 1817 1.000000
1815 1818 1.000000
1815 1819 1.000000
1815 1820 1.000000
1817 1818 1.000000
1817 2282 1.000000
1817 2627 1.000000
1818 2245 1.000000
1818 2246 1.000000
1819 2275 1.000000
1819 2276 1.000000
1819 2277 1.000000
1819 2278 1.000000
1819 2279 1.000000
1819 2280 1.000000
1819 2281 1.000000
1819 2282 1.000000
1820 2591 1.000000
1821 1822 1.000000
1823 2139 1.000000
1824 1825 1.000000
1824 1826 1.000000
1824 1827 1.000000
1824 1828 1.000000
1824 1829 1.000000
1824 1830 1.000000
1824 1831 1.000000
1824 1832 1.000000
1827 2079 1.000000
1827 1832 1.000000
1828 1829 1.000000
1833 1834 1.000000
1834 2106 1.000000
1835 1836 1.000000
1835 1837 1.000000
1835 1838 1.000000
1835 1839 1.000000
1835 1840 1.000000
1835 1841 1.000000
1835 1842 1.000000
1835 1843 1.000000
1835 1844 1.000000
1835 1924 1.000000
1837 2512 1.000000
1838 1924 1.000000
1838 1844 1.000000
1839 1844 1.000000
1840 1841 1.000000
1840 1924 1.000000
1840 1926 1.000000
1841 1924 1.000000
1841 1926 1.000000
1842 2055 1.000000
1842 2008 1.000000
1843 2055 1.000000
1843 2341 1.000000
1843 2058 1.000000
1844 2058 1.000000
1844 2013 1.000000
1845 1846 1.000000
1846 1847 1.000000
1853 2042 1.000000
1855 2257 1.000000
1856 2334 1.000000
1856 2335 1.000000
1857 1873 1.000000
1858 1859 1.000000
1858 1860 1.000000
1861 1862 1.000000
1863 1864 1.000000
1865 1866 1.000000
1867 1868 1.000000
1868 2678 1.000000
1869 1870 1.000000
1871 1872 1.000000
1873 2390 1.000000
1874 1875 1.000000
1874 1876 1.000000
1876 2374 1.000000
1877 1878 1.000000
1879 1880 1.000000
1881 1890 1.000000
1883 1884 1.000000
1886 2477 1.000000
1887 1983 1.000000
1891 1892 1.000000
1891 1893 1.000000
1891 1894 1.000000
1892 2114 1.000000
1895 1896 1.000000
1897 1898 1.000000
1899 1900 1.000000
1899 1901 1.000000
1900 2002 1.000000
1902 1903 1.000000
1907 1908 1.000000
1907 1909 1.000000
1907 1910 1.000000
1908 2147 1.000000
1908 1909 1.000000
1908 1910 1.000000
1911 1912 1.000000
1913 1914 1.000000
1915 2340 1.000000
1915 2173 1.000000
1916 1917 1.000000
1916 1918 1.000000
1917 2201 1.000000
1918 2320 1.000000
1919 1920 1.000000
1922 1923 1.000000
1924 1925 1.000000
1925 2055 1.000000
1929 1930 1.000000
1929 1931 1.000000
1929 1932 1.000000
1930 1932 1.000000
1930 1931 1.000000
1932 1933 1.000000
1932 2062 1.000000
1933 2062 1.000000
1934 2442 1.000000
1935 2361 1.000000
1935 2362 1.000000
1937 2187 1.000000
1937 1942 1.000000
1937 2534 1.000000
1938 2187 1.000000
1938 1942 1.000000
1941 2187 1.000000
1941 1942 1.000000
1941 2441 1.000000
1942 2167 1.000000
1942 2533 1.000000
1942 1943 1.000000
1942 2168 1.000000
1943 2187 1.000000
1943 2534 1.000000
1944 2390 1.000000
1945 2527 1.000000
1946 2016 1.000000
1946 2136 1.000000
1946 2252 1.000000
1947 2015 1.000000
1948 2015 1.000000
1949 2016 1.000000
1949 2136 1.000000
1950 2016 1.000000
1950 2136 1.000000
1950 2545 1.000000
1950 2546 1.000000
1950 2549 1.000000
1950 2550 1.000000
1951 1952 1.000000
1951 1980 1.000000
1952 1953 1.000000
1952 1954 1.000000
1952 1955 1.000000
1953 2545 1.000000
1954 2137 1.000000
1954 2146 1.000000
1955 2136 1.000000
1955 2137 1.000000
1958 2036 1.000000
1963 1964 1.000000
1964 2632 1.000000
1965 2381 1.000000
1966 1967 1.000000
1966 1968 1.000000
1966 2405 1.000000
1966 2407 1.000000
1967 2405 1.000000
1967 2407 1.000000
1968 2404 1.000000
1968 2405 1.000000
1968 2407 1.000000
1970 1971 1.000000
1970 1972 1.000000
1972 1973 1.000000
1974 1975 1.000000
1976 1977 1.000000
1976 1978 1.000000
1977 1978 1.000000
1985 1986 1.000000
1985 1987 1.000000
1985 2523 1.000000
1986 1987 1.000000
1988 1989 1.000000
1988 1990 1.000000
1988 1991 1.000000
1988 1992 1.000000
1988 1993 1.000000
1989 2642 1.000000
1990 2357 1.000000
1990 1991 1.000000
1997 1998 1.000000
1999 2000 1.000000
2001 2054 1.000000
2002 2003 1.000000
2006 2007 1.000000
2006 2008 1.000000
2006 2009 1.000000
2007 2008 1.000000
2008 2055 1.000000
2009 2010 1.000000
2009 2011 1.000000
2009 2012 1.000000
2009 2013 1.000000
2009 2121 1.000000
2010 2012 1.000000
2011 2012 1.000000
2013 2055 1.000000
2013 2341 1.000000
2015 2495 1.000000
2017 2018 1.000000
2019 2020 1.000000
2019 2021 1.000000
2019 2022 1.000000
2019 2023 1.000000
2019 2024 1.000000
2020 2031 1.000000
2020 2525 1.000000
2021 2083 1.000000
2022 2023 1.000000
2023 2024 1.000000
2024 2225 1.000000
2027 2153 1.000000
2028 2029 1.000000
2030 2106 1.000000
2031 2315 1.000000
2031 2316 1.000000
2031 2525 1.000000
2032 2033 1.000000
2032 2034 1.000000
2032 2035 1.000000
2033 2522 1.000000
2034 2035 1.000000
2035 2518 1.000000
2035 2520 1.000000
2035 2522 1.000000
2036 2472 1.000000
2039 2040 1.000000
2039 2428 1.000000
2040 2397 1.000000
2040 2301 1.000000
2044 2045 1.000000
2044 2101 1.000000
2044 2528 1.000000
2044 2253 1.000000
2049 2671 1.000000
2052 2053 1.000000
2055 2056 1.000000
2055 2057 1.000000
2055 2058 1.000000
2055 2059 1.000000
2057 2343 1.000000
2057 2059 1.000000
2057 2669 1.000000
2058 2341 1.000000
2058 2059 1.000000
2060 2061 1.000000
2064 2065 1.000000
2064 2066 1.000000
2067 2068 1.000000
2067 2070 1.000000
2068 2069 1.000000
2068 2070 1.000000
2069 2070 1.000000
2071 2072 1.000000
2072 2150 1.000000
2074 2075 1.000000
2074 2076 1.000000
2075 2155 1.000000
2076 2327 1.000000
2079 2080 1.000000
2079 2299 1.000000
2081 2082 1.000000
2083 2084 1.000000
2085 2125 1.000000
2085 2165 1.000000
2085 2086 1.000000
2086 2125 1.000000
2087 2088 1.000000
2099 2101 1.000000
2099 2234 1.000000
2101 2102 1.000000
2101 2103 1.000000
2101 2104 1.000000
2101 2105 1.000000
2103 2105 1.000000
2104 2557 1.000000
2106 2107 1.000000
2107 2403 1.000000
2111 2112 1.000000
2112 2365 1.000000
2112 2368 1.000000
2112 2371 1.000000
2114 2422 1.000000
2119 2120 1.000000
2119 2175 1.000000
2125 2338 1.000000
2130 2132 1.000000
2131 2133 1.000000
2132 2434 1.000000
2137 2138 1.000000
2138 2187 1.000000
2138 2157 1.000000
2138 2497 1.000000
2143 2144 1.000000
2148 2393 1.000000
2149 2164 1.000000
2156 2157 1.000000
2157 2187 1.000000
2158 2159 1.000000
2158 2314 1.000000
2159 2649 1.000000
2160 2161 1.000000
2161 2162 1.000000
2161 2210 1.000000
2161 2211 1.000000
2161 2213 1.000000
2162 2211 1.000000
2162 2212 1.000000
2162 2600 1.000000
2163 2426 1.000000
2163 2320 1.000000
2163 2427 1.000000
2165 2169 1.000000
2167 2556 1.000000
2169 2171 1.000000
2171 2172 1.000000
2173 2510 1.000000
2176 2177 1.000000
2177 2469 1.000000
2180 2181 1.000000
2182 2183 1.000000
2184 2185 1.000000
2188 2189 1.000000
2193 2194 1.000000
2196 2197 1.000000
2196 2416 1.000000
2196 2511 1.000000
2196 2678 1.000000
2197 2198 1.000000
2198 2308 1.000000
2199 2200 1.000000
2201 2250 1.000000
2201 2226 1.000000
2201 2251 1.000000
2203 2204 1.000000
2203 2205 1.000000
2203 2206 1.000000
2206 2342 1.000000
2207 2208 1.000000
2207 2209 1.000000
2208 2209 1.000000
2210 2213 1.000000
2211 2212 1.000000
2212 2615 1.000000
2212 2490 1.000000
2214 2215 1.000000
2214 2216 1.000000
2214 2483 1.000000
2217 2218 1.000000
2217 2244 1.000000
2221 2222 1.000000
2228 2229 1.000000
2231 2232 1.000000
2231 2233 1.000000
2232 2233 1.000000
2233 2234 1.000000
2238 2239 1.000000
2239 2416 1.000000
2242 2243 1.000000
2245 2522 1.000000
2246 2616 1.000000
2252 2499 1.000000
2252 2500 1.000000
2253 2528 1.000000
2257 2642 1.000000
2258 2294 1.000000
2258 2385 1.000000
2262 2263 1.000000
2262 2264 1.000000
2263 2264 1.000000
2267 2409 1.000000
2268 2269 1.000000
2268 2424 1.000000
2270 2271 1.000000
2271 2437 1.000000
2274 2324 1.000000
2275 2278 1.000000
2276 2281 1.000000
2277 2515 1.000000
2277 2516 1.000000
2277 2279 1.000000
2277 2518 1.000000
2279 2515 1.000000
2279 2280 1.000000
2279 2517 1.000000
2280 2517 1.000000
2282 2590 1.000000
2282 2627 1.000000
2283 2284 1.000000
2283 2285 1.000000
2283 2286 1.000000
2284 2286 1.000000
2285 2286 1.000000
2289 2290 1.000000
2293 2294 1.000000
2294 2385 1.000000
2295 2296 1.000000
2295 2297 1.000000
2295 2298 1.000000
2296 2297 1.000000
2296 2298 1.000000
2297 2298 1.000000
2299 2300 1.000000
2302 2303 1.000000
2302 2304 1.000000
2302 2305 1.000000
2303 2304 1.000000
2304 2306 1.000000
2304 2307 1.000000
2304 2675 1.000000
2316 2525 1.000000
2319 2320 1.000000
2319 2321 1.000000
2321 2682 1.000000
2321 2685 1.000000
2321 2686 1.000000
2323 2436 1.000000
2327 2328 1.000000
2330 2331 1.000000
2334 2335 1.000000
2336 2337 1.000000
2338 2339 1.000000
2339 2450 1.000000
2345 2346 1.000000
2347 2348 1.000000
2347 2349 1.000000
2348 2349 1.000000
2349 2458 1.000000
2351 2352 1.000000
2351 2353 1.000000
2351 2354 1.000000
2351 2355 1.000000
2360 2617 1.000000
2360 2618 1.000000
2363 2616 1.000000
2364 2429 1.000000
2365 2366 1.000000
2365 2367 1.000000
2365 2368 1.000000
2365 2369 1.000000
2365 2370 1.000000
2365 2371 1.000000
2365 2698 1.000000
2373 2530 1.000000
2375 2376 1.000000
2376 2377 1.000000
2379 2380 1.000000
2380 2381 1.000000
2383 2384 1.000000
2388 2389 1.000000
2391 2392 1.000000
2393 2394 1.000000
2393 2395 1.000000
2393 2396 1.000000
2394 2395 1.000000
2396 2432 1.000000
2396 2703 1.000000
2397 2428 1.000000
2399 2400 1.000000
2401 2402 1.000000
2401 2403 1.000000
2404 2405 1.000000
2404 2406 1.000000
2404 2407 1.000000
2405 2406 1.000000
2405 2407 1.000000
2406 2564 1.000000
2422 2423 1.000000
2426 2427 1.000000
2430 2431 1.000000
2440 2441 1.000000
2441 2537 1.000000
2441 2538 1.000000
2442 2663 1.000000
2443 2444 1.000000
2445 2446 1.000000
2447 2448 1.000000
2452 2453 1.000000
2462 2463 1.000000
2462 2464 1.000000
2462 2677 1.000000
2464 2677 1.000000
2465 2466 1.000000
2469 2484 1.000000
2470 2471 1.000000
2473 2474 1.000000
2475 2476 1.000000
2479 2673 1.000000
2480 2481 1.000000
2485 2486 1.000000
2487 2488 1.000000
2487 2489 1.000000
2489 2652 1.000000
2493 2494 1.000000
2497 2498 1.000000
2500 2634 1.000000
2502 2632 1.000000
2502 2633 1.000000
2508 2509 1.000000
2508 2510 1.000000
2513 2514 1.000000
2518 2519 1.000000
2518 2520 1.000000
2520 2521 1.000000
2525 2526 1.000000
2533 2556 1.000000
2535 2542 1.000000
2535 2543 1.000000
2536 2542 1.000000
2536 2543 1.000000
2537 2538 1.000000
2540 2541 1.000000
2545 2546 1.000000
2546 2551 1.000000
2549 2550 1.000000
2552 2553 1.000000
2554 2555 1.000000
2557 2558 1.000000
2557 2559 1.000000
2560 2561 1.000000
2562 2563 1.000000
2565 2566 1.000000
2567 2568 1.000000
2569 2570 1.000000
2571 2572 1.000000
2571 2573 1.000000
2571 2574 1.000000
2571 2575 1.000000
2572 2574 1.000000
2573 2575 1.000000
2574 2575 1.000000
2577 2578 1.000000
2580 2581 1.000000
2583 2653 1.000000
2583 2584 1.000000
2584 2653 1.000000
2585 2586 1.000000
2587 2588 1.000000
2587 2589 1.000000
2589 2592 1.000000
2589 2614 1.000000
2591 2592 1.000000
2593 2594 1.000000
2593 2595 1.000000
2593 2596 1.000000
2595 2614 1.000000
2595 2624 1.000000
2596 2597 1.000000
2596 2598 1.000000
2596 2599 1.000000
2596 2600 1.000000
2596 2601 1.000000
2596 2602 1.000000
2596 2603 1.000000
2596 2604 1.000000
2596 2605 1.000000
2598 2615 1.000000
2598 2602 1.000000
2598 2603 1.000000
2600 2613 1.000000
2601 2615 1.000000
2602 2604 1.000000
2602 2605 1.000000
2603 2624 1.000000
2604 2605 1.000000
2606 2607 1.000000
2606 2608 1.000000
2607 2608 1.000000
2611 2622 1.000000
2612 2615 1.000000
2613 2615 1.000000
2614 2623 1.000000
2614 2624 1.000000
2615 2622 1.000000
2619 2620 1.000000
2620 2621 1.000000
2620 2625 1.000000
2620 2626 1.000000
2620 2628 1.000000
2623 2624 1.000000
2630 2631 1.000000
2632 2633 1.000000
2635 2636 1.000000
2635 2637 1.000000
2635 2639 1.000000
2636 2637 1.000000
2637 2638 1.000000
2637 2639 1.000000
2638 2639 1.000000
2640 2641 1.000000
2643 2644 1.000000
2645 2646 1.000000
2647 2648 1.000000
2650 2651 1.000000
2654 2655 1.000000
2656 2657 1.000000
2656 2658 1.000000
2657 2658 1.000000
2661 2662 1.000000
2665 2666 1.000000
2667 2668 1.000000
2675 2676 1.000000
2678 2679 1.000000
2680 2681 1.000000
2682 2683 1.000000
2682 2684 1.000000
2682 2685 1.000000
2682 2686 1.000000
2683 2686 1.000000
2685 2686 1.000000
2687 2688 1.000000
2689 2690 1.000000
2689 2691 1.000000
2691 2692 1.000000
2694 2695 1.000000
2696 2697 1.000000
2699 2700 1.000000
2701 2702 1.000000
2704 2705 1.000000
2704 2706 1.000000
2705 2706 1.000000
2705 2707 1.000000
