0 0 1.000000
0 1 1.000000
0 2 1.000000
0 3 1.000000
0 4 1.000000
0 5 1.000000
0 6 1.000000
0 7 1.000000
0 8 1.000000
0 9 1.000000
0 10 1.000000
0 11 1.000000
1 751 1.000000
1 752 1.000000
1 287 1.000000
3 820 1.000000
3 953 1.000000
3 1587 1.000000
3 1588 1.000000
3 1589 1.000000
4 3221 1.000000
5 930 1.000000
5 1365 1.000000
5 784 1.000000
5 931 1.000000
5 96 1.000000
6 677 1.000000
7 1075 1.000000
7 8 1.000000
8 770 1.000000
8 230 1.000000
8 992 1.000000
8 2493 1.000000
8 2494 1.000000
8 1196 1.000000
8 2355 1.000000
8 1916 1.000000
8 1019 1.000000
9 1172 1.000000
10 1172 1.000000
10 2053 1.000000
11 2473 1.000000
11 2650 1.000000
12 13 1.000000
12 14 1.000000
12 15 1.000000
13 342 1.000000
13 1087 1.000000
13 1175 1.000000
13 1617 1.000000
13 957 1.000000
13 1962 1.000000
13 2527 1.000000
13 961 1.000000
13 2281 1.000000
14 366 1.000000
14 626 1.000000
14 1003 1.000000
14 1052 1.000000
14 1121 1.000000
14 1171 1.000000
14 1204 1.000000
14 1723 1.000000
14 1728 1.000000
14 1838 1.000000
14 1937 1.000000
14 2002 1.000000
14 627 1.000000
14 373 1.000000
14 1841 1.000000
14 2989 1.000000
14 3039 1.000000
14 1054 1.000000
15 585 1.000000
15 1459 1.000000
15 156 1.000000
15 2989 1.000000
16 17 1.000000
18 19 1.000000
18 20 1.000000
18 21 1.000000
19 127 1.000000
19 128 1.000000
19 3049 1.000000
20 3097 1.000000
21 3097 1.000000
22 23 1.000000
24 25 1.000000
25 3023 1.000000
26 27 1.000000
26 28 1.000000
27 2356 1.000000
27 2357 1.000000
28 1059 1.000000
28 3090 1.000000
28 2364 1.000000
29 30 1.000000
29 31 1.000000
29 32 1.000000
29 33 1.000000
29 984 1.000000
29 2986 1.000000
30 1679 1.000000
30 986 1.000000
31 32 1.000000
31 986 1.000000
32 782 1.000000
32 986 1.000000
33 190 1.000000
33 246 1.000000
33 39 1.000000
33 1273 1.000000
33 1679 1.000000
33 986 1.000000
33 610 1.000000
33 656 1.000000
34 35 1.000000
34 36 1.000000
34 37 1.000000
34 1166 1.000000
34 2160 1.000000
34 341 1.000000
35 36 1.000000
35 37 1.000000
35 1166 1.000000
35 1284 1.000000
35 341 1.000000
37 1166 1.000000
37 2160 1.000000
37 341 1.000000
38 39 1.000000
38 40 1.000000
38 41 1.000000
38 42 1.000000
39 246 1.000000
39 318 1.000000
39 339 1.000000
39 426 1.000000
39 649 1.000000
39 837 1.000000
39 883 1.000000
39 888 1.000000
39 1248 1.000000
39 1679 1.000000
39 1757 1.000000
39 647 1.000000
39 2702 1.000000
39 195 1.000000
40 407 1.000000
40 41 1.000000
40 1416 1.000000
40 1563 1.000000
40 195 1.000000
41 407 1.000000
41 1416 1.000000
41 1563 1.000000
42 407 1.000000
42 1249 1.000000
43 44 1.000000
43 45 1.000000
43 46 1.000000
44 638 1.000000
45 381 1.000000
45 285 1.000000
46 641 1.000000
46 1827 1.000000
47 48 1.000000
48 2038 1.000000
49 50 1.000000
50 830 1.000000
50 1204 1.000000
50 1271 1.000000
50 1929 1.000000
50 2687 1.000000
50 2880 1.000000
51 52 1.000000
51 53 1.000000
52 510 1.000000
52 52 1.000000
52 53 1.000000
53 510 1.000000
54 55 1.000000
55 371 1.000000
55 2767 1.000000
56 57 1.000000
56 58 1.000000
56 59 1.000000
57 913 1.000000
58 58 1.000000
58 1828 1.000000
58 1829 1.000000
59 1231 1.000000
59 901 1.000000
59 1001 1.000000
59 1002 1.000000
59 1829 1.000000
60 61 1.000000
61 212 1.000000
61 213 1.000000
61 1765 1.000000
61 929 1.000000
61 1766 1.000000
62 63 1.000000
63 1197 1.000000
63 287 1.000000
63 2652 1.000000
64 65 1.000000
66 67 1.000000
66 68 1.000000
66 638 1.000000
66 1008 1.000000
66 1082 1.000000
66 2359 1.000000
66 2925 1.000000
67 1179 1.000000
67 166 1.000000
67 167 1.000000
68 351 1.000000
68 373 1.000000
68 1841 1.000000
68 948 1.000000
68 1547 1.000000
68 3176 1.000000
69 70 1.000000
71 72 1.000000
71 73 1.000000
71 74 1.000000
71 75 1.000000
71 76 1.000000
71 3128 1.000000
72 74 1.000000
72 1084 1.000000
72 1379 1.000000
72 1381 1.000000
72 3128 1.000000
73 76 1.000000
73 74 1.000000
73 1084 1.000000
73 1379 1.000000
73 1381 1.000000
73 3128 1.000000
74 76 1.000000
74 1379 1.000000
74 1381 1.000000
75 1381 1.000000
77 78 1.000000
78 741 1.000000
78 2788 1.000000
79 80 1.000000
79 81 1.000000
79 252 1.000000
79 2427 1.000000
80 591 1.000000
80 592 1.000000
80 593 1.000000
80 594 1.000000
80 2340 1.000000
81 2340 1.000000
81 591 1.000000
81 592 1.000000
81 593 1.000000
81 594 1.000000
82 83 1.000000
84 85 1.000000
85 2029 1.000000
85 2744 1.000000
86 87 1.000000
88 89 1.000000
89 378 1.000000
90 91 1.000000
90 92 1.000000
93 94 1.000000
95 96 1.000000
95 97 1.000000
96 231 1.000000
96 486 1.000000
96 1073 1.000000
96 1302 1.000000
96 1214 1.000000
96 1730 1.000000
96 1863 1.000000
96 2469 1.000000
96 2472 1.000000
96 487 1.000000
96 3155 1.000000
97 1302 1.000000
97 603 1.000000
98 99 1.000000
98 100 1.000000
98 101 1.000000
99 467 1.000000
99 468 1.000000
99 2073 1.000000
99 2223 1.000000
99 3196 1.000000
100 1260 1.000000
101 400 1.000000
101 1805 1.000000
101 2412 1.000000
102 103 1.000000
104 105 1.000000
104 1289 1.000000
105 1289 1.000000
105 3245 1.000000
106 107 1.000000
106 108 1.000000
106 109 1.000000
106 110 1.000000
107 2521 1.000000
107 980 1.000000
107 3043 1.000000
108 110 1.000000
108 109 1.000000
108 3236 1.000000
111 112 1.000000
113 114 1.000000
113 115 1.000000
113 116 1.000000
113 117 1.000000
113 118 1.000000
113 119 1.000000
114 119 1.000000
114 2115 1.000000
114 2149 1.000000
115 982 1.000000
115 1599 1.000000
115 1600 1.000000
115 121 1.000000
115 792 1.000000
115 2381 1.000000
115 2936 1.000000
115 3182 1.000000
115 3185 1.000000
116 403 1.000000
116 1172 1.000000
117 1861 1.000000
118 1663 1.000000
119 2905 1.000000
119 3185 1.000000
120 121 1.000000
120 122 1.000000
121 1602 1.000000
121 1603 1.000000
121 988 1.000000
122 987 1.000000
123 124 1.000000
123 125 1.000000
123 126 1.000000
124 1116 1.000000
124 2401 1.000000
124 2402 1.000000
124 1117 1.000000
124 2403 1.000000
124 125 1.000000
125 126 1.000000
129 130 1.000000
130 224 1.000000
131 132 1.000000
133 134 1.000000
133 135 1.000000
133 136 1.000000
133 2028 1.000000
134 136 1.000000
134 2028 1.000000
135 157 1.000000
136 157 1.000000
136 197 1.000000
136 1303 1.000000
136 1548 1.000000
137 137 1.000000
137 138 1.000000
139 140 1.000000
139 141 1.000000
140 305 1.000000
140 141 1.000000
140 553 1.000000
140 3269 1.000000
141 2457 1.000000
141 3269 1.000000
142 143 1.000000
144 144 1.000000
144 580 1.000000
145 146 1.000000
145 1532 1.000000
147 148 1.000000
147 149 1.000000
147 150 1.000000
147 151 1.000000
147 152 1.000000
147 153 1.000000
147 154 1.000000
148 430 1.000000
148 507 1.000000
148 150 1.000000
148 508 1.000000
148 154 1.000000
148 201 1.000000
149 430 1.000000
149 507 1.000000
149 150 1.000000
149 508 1.000000
149 154 1.000000
149 201 1.000000
150 430 1.000000
150 201 1.000000
150 2887 1.000000
151 557 1.000000
151 1364 1.000000
152 197 1.000000
152 557 1.000000
152 219 1.000000
152 2074 1.000000
152 153 1.000000
153 557 1.000000
154 557 1.000000
155 156 1.000000
156 1459 1.000000
156 2989 1.000000
157 158 1.000000
157 159 1.000000
158 159 1.000000
158 1978 1.000000
159 379 1.000000
159 380 1.000000
159 1135 1.000000
159 1978 1.000000
160 161 1.000000
161 546 1.000000
161 999 1.000000
161 1548 1.000000
162 162 1.000000
163 164 1.000000
163 165 1.000000
163 166 1.000000
163 167 1.000000
163 366 1.000000
164 638 1.000000
164 1817 1.000000
164 2143 1.000000
164 374 1.000000
164 166 1.000000
164 730 1.000000
164 167 1.000000
165 366 1.000000
165 696 1.000000
165 937 1.000000
165 947 1.000000
165 2139 1.000000
165 374 1.000000
165 2351 1.000000
165 375 1.000000
165 1078 1.000000
165 684 1.000000
166 412 1.000000
166 436 1.000000
166 638 1.000000
166 640 1.000000
166 1817 1.000000
166 1179 1.000000
166 2143 1.000000
166 374 1.000000
166 1819 1.000000
167 638 1.000000
167 374 1.000000
168 169 1.000000
170 171 1.000000
170 172 1.000000
170 173 1.000000
170 174 1.000000
170 175 1.000000
171 610 1.000000
171 611 1.000000
171 2073 1.000000
172 2073 1.000000
172 2223 1.000000
172 174 1.000000
173 540 1.000000
173 1062 1.000000
173 2073 1.000000
173 2778 1.000000
174 540 1.000000
174 1569 1.000000
174 2073 1.000000
174 905 1.000000
174 875 1.000000
175 2073 1.000000
176 177 1.000000
176 178 1.000000
179 180 1.000000
180 2774 1.000000
181 182 1.000000
181 183 1.000000
181 184 1.000000
181 185 1.000000
181 186 1.000000
181 187 1.000000
181 188 1.000000
181 189 1.000000
182 1528 1.000000
183 1528 1.000000
183 1353 1.000000
183 184 1.000000
183 3161 1.000000
184 1528 1.000000
184 2256 1.000000
184 2861 1.000000
184 3161 1.000000
185 1528 1.000000
185 2736 1.000000
185 2764 1.000000
185 748 1.000000
185 773 1.000000
186 1528 1.000000
186 189 1.000000
186 3161 1.000000
187 1528 1.000000
187 189 1.000000
188 621 1.000000
188 1352 1.000000
188 1528 1.000000
188 1354 1.000000
188 1353 1.000000
188 2811 1.000000
188 2812 1.000000
188 790 1.000000
188 3120 1.000000
189 1528 1.000000
189 2031 1.000000
189 3043 1.000000
190 191 1.000000
190 192 1.000000
190 193 1.000000
190 194 1.000000
190 195 1.000000
190 196 1.000000
191 581 1.000000
191 1794 1.000000
191 194 1.000000
191 196 1.000000
192 581 1.000000
192 1794 1.000000
192 194 1.000000
192 196 1.000000
193 827 1.000000
194 1795 1.000000
194 194 1.000000
195 581 1.000000
195 2192 1.000000
197 198 1.000000
197 199 1.000000
197 200 1.000000
197 201 1.000000
198 557 1.000000
200 1978 1.000000
200 379 1.000000
201 2468 1.000000
201 3091 1.000000
202 203 1.000000
202 204 1.000000
203 204 1.000000
204 2892 1.000000
205 206 1.000000
205 3149 1.000000
207 208 1.000000
207 209 1.000000
207 950 1.000000
209 951 1.000000
209 2224 1.000000
210 210 1.000000
211 212 1.000000
211 213 1.000000
211 2930 1.000000
212 724 1.000000
212 725 1.000000
212 726 1.000000
212 727 1.000000
212 728 1.000000
212 928 1.000000
213 240 1.000000
213 906 1.000000
213 907 1.000000
213 908 1.000000
213 2509 1.000000
214 215 1.000000
214 216 1.000000
214 217 1.000000
215 1050 1.000000
215 299 1.000000
216 372 1.000000
217 1508 1.000000
217 1651 1.000000
218 219 1.000000
218 220 1.000000
219 557 1.000000
219 219 1.000000
219 2768 1.000000
220 3217 1.000000
220 607 1.000000
221 222 1.000000
221 223 1.000000
221 2850 1.000000
222 223 1.000000
222 2850 1.000000
223 290 1.000000
223 291 1.000000
223 724 1.000000
223 3267 1.000000
225 226 1.000000
225 227 1.000000
225 228 1.000000
226 314 1.000000
227 314 1.000000
228 314 1.000000
229 230 1.000000
231 2065 1.000000
231 2066 1.000000
232 233 1.000000
234 234 1.000000
234 235 1.000000
236 237 1.000000
236 238 1.000000
236 239 1.000000
236 1869 1.000000
241 242 1.000000
242 1842 1.000000
242 1920 1.000000
242 2060 1.000000
242 2895 1.000000
243 244 1.000000
243 245 1.000000
243 2018 1.000000
244 2073 1.000000
245 1214 1.000000
247 248 1.000000
247 249 1.000000
247 3187 1.000000
248 3187 1.000000
249 532 1.000000
249 537 1.000000
250 251 1.000000
250 2936 1.000000
251 2220 1.000000
251 2936 1.000000
252 2427 1.000000
253 254 1.000000
254 1989 1.000000
255 256 1.000000
256 476 1.000000
257 258 1.000000
259 260 1.000000
259 261 1.000000
260 573 1.000000
260 698 1.000000
260 574 1.000000
260 383 1.000000
260 700 1.000000
260 701 1.000000
261 753 1.000000
261 1617 1.000000
261 1752 1.000000
261 2069 1.000000
261 2070 1.000000
261 3186 1.000000
261 3316 1.000000
262 263 1.000000
262 264 1.000000
262 265 1.000000
262 266 1.000000
262 267 1.000000
262 268 1.000000
262 269 1.000000
262 270 1.000000
262 1617 1.000000
262 2527 1.000000
264 413 1.000000
264 1268 1.000000
264 1617 1.000000
264 1643 1.000000
266 1617 1.000000
266 3325 1.000000
267 1087 1.000000
267 957 1.000000
267 566 1.000000
267 347 1.000000
267 385 1.000000
267 1962 1.000000
267 2094 1.000000
268 2210 1.000000
269 839 1.000000
269 1066 1.000000
269 1617 1.000000
269 1752 1.000000
269 1961 1.000000
269 1265 1.000000
269 579 1.000000
269 1643 1.000000
269 2527 1.000000
269 1519 1.000000
269 2741 1.000000
270 1617 1.000000
271 272 1.000000
271 3023 1.000000
272 1063 1.000000
273 273 1.000000
274 275 1.000000
274 276 1.000000
274 277 1.000000
274 1838 1.000000
276 366 1.000000
276 402 1.000000
276 1757 1.000000
276 2035 1.000000
276 2651 1.000000
276 2844 1.000000
277 2035 1.000000
278 279 1.000000
278 280 1.000000
279 541 1.000000
279 542 1.000000
280 2542 1.000000
280 593 1.000000
280 2543 1.000000
280 492 1.000000
280 2544 1.000000
280 2973 1.000000
281 282 1.000000
281 283 1.000000
281 284 1.000000
281 285 1.000000
281 286 1.000000
281 287 1.000000
282 368 1.000000
282 1838 1.000000
283 327 1.000000
283 1657 1.000000
284 1677 1.000000
285 1031 1.000000
285 1052 1.000000
285 641 1.000000
285 2483 1.000000
285 327 1.000000
285 382 1.000000
285 383 1.000000
285 384 1.000000
285 385 1.000000
285 682 1.000000
285 3098 1.000000
285 1054 1.000000
286 1559 1.000000
286 761 1.000000
287 914 1.000000
287 1714 1.000000
287 1955 1.000000
287 2086 1.000000
288 289 1.000000
288 1140 1.000000
288 1462 1.000000
290 291 1.000000
292 293 1.000000
293 1433 1.000000
294 295 1.000000
295 879 1.000000
295 1119 1.000000
295 2430 1.000000
295 2801 1.000000
295 2831 1.000000
295 2868 1.000000
296 297 1.000000
296 298 1.000000
296 299 1.000000
296 300 1.000000
296 301 1.000000
296 1209 1.000000
296 681 1.000000
297 532 1.000000
297 533 1.000000
297 537 1.000000
297 1046 1.000000
297 1089 1.000000
297 1209 1.000000
297 1405 1.000000
297 1549 1.000000
297 681 1.000000
297 1937 1.000000
298 301 1.000000
299 1046 1.000000
299 1089 1.000000
299 1209 1.000000
299 1405 1.000000
299 1549 1.000000
299 2021 1.000000
299 1067 1.000000
299 1210 1.000000
300 1175 1.000000
301 1046 1.000000
301 1089 1.000000
301 1405 1.000000
301 1549 1.000000
301 681 1.000000
302 303 1.000000
302 304 1.000000
302 1414 1.000000
302 1415 1.000000
304 1414 1.000000
304 2142 1.000000
304 1415 1.000000
306 307 1.000000
307 3204 1.000000
308 309 1.000000
308 3087 1.000000
309 443 1.000000
309 3087 1.000000
310 311 1.000000
312 313 1.000000
312 2221 1.000000
314 315 1.000000
316 317 1.000000
318 319 1.000000
320 321 1.000000
322 322 1.000000
323 324 1.000000
323 325 1.000000
323 326 1.000000
323 327 1.000000
323 328 1.000000
323 329 1.000000
324 818 1.000000
325 871 1.000000
325 1918 1.000000
325 327 1.000000
325 2652 1.000000
326 818 1.000000
327 381 1.000000
327 871 1.000000
327 1918 1.000000
327 2275 1.000000
327 2652 1.000000
330 331 1.000000
330 332 1.000000
330 333 1.000000
331 1357 1.000000
331 332 1.000000
331 3125 1.000000
332 2805 1.000000
332 3125 1.000000
333 716 1.000000
333 3125 1.000000
334 335 1.000000
334 336 1.000000
335 1526 1.000000
336 1408 1.000000
337 337 1.000000
337 338 1.000000
339 1679 1.000000
340 341 1.000000
340 1282 1.000000
340 2332 1.000000
341 1284 1.000000
342 343 1.000000
342 344 1.000000
342 345 1.000000
342 346 1.000000
342 347 1.000000
342 348 1.000000
342 1087 1.000000
342 1617 1.000000
342 957 1.000000
342 1962 1.000000
342 961 1.000000
342 2281 1.000000
342 963 1.000000
343 346 1.000000
343 957 1.000000
343 2281 1.000000
344 598 1.000000
344 955 1.000000
344 1087 1.000000
344 1617 1.000000
344 957 1.000000
344 1962 1.000000
344 2527 1.000000
344 961 1.000000
344 2281 1.000000
344 1088 1.000000
344 2284 1.000000
344 963 1.000000
345 598 1.000000
345 599 1.000000
345 413 1.000000
345 1087 1.000000
345 957 1.000000
345 1962 1.000000
345 2527 1.000000
345 961 1.000000
345 2281 1.000000
345 2284 1.000000
345 963 1.000000
346 955 1.000000
346 1087 1.000000
346 1175 1.000000
346 1617 1.000000
346 957 1.000000
346 1769 1.000000
346 1962 1.000000
346 2094 1.000000
346 2527 1.000000
346 961 1.000000
346 2281 1.000000
346 2284 1.000000
346 963 1.000000
347 957 1.000000
347 1088 1.000000
348 1087 1.000000
348 957 1.000000
348 1962 1.000000
348 2527 1.000000
348 961 1.000000
348 2281 1.000000
348 599 1.000000
348 413 1.000000
348 963 1.000000
349 350 1.000000
350 1319 1.000000
351 352 1.000000
351 353 1.000000
351 354 1.000000
351 355 1.000000
351 356 1.000000
351 357 1.000000
351 358 1.000000
351 1838 1.000000
351 1937 1.000000
352 809 1.000000
352 607 1.000000
352 810 1.000000
352 1841 1.000000
352 2877 1.000000
353 356 1.000000
353 1841 1.000000
354 366 1.000000
354 947 1.000000
354 372 1.000000
354 373 1.000000
354 2349 1.000000
354 1841 1.000000
355 947 1.000000
355 1198 1.000000
355 1201 1.000000
355 1051 1.000000
355 373 1.000000
355 1841 1.000000
356 718 1.000000
356 1841 1.000000
356 719 1.000000
357 947 1.000000
357 2139 1.000000
357 2351 1.000000
357 1841 1.000000
357 948 1.000000
358 1140 1.000000
358 373 1.000000
358 1841 1.000000
358 1145 1.000000
358 3024 1.000000
358 948 1.000000
359 360 1.000000
359 844 1.000000
360 377 1.000000
360 842 1.000000
360 947 1.000000
360 1838 1.000000
361 362 1.000000
361 363 1.000000
361 364 1.000000
361 365 1.000000
361 2809 1.000000
362 363 1.000000
363 2809 1.000000
363 363 1.000000
363 364 1.000000
363 365 1.000000
364 2277 1.000000
365 2809 1.000000
366 367 1.000000
366 368 1.000000
366 369 1.000000
366 370 1.000000
366 371 1.000000
366 372 1.000000
366 373 1.000000
366 374 1.000000
366 375 1.000000
366 376 1.000000
366 1838 1.000000
367 370 1.000000
367 938 1.000000
367 1838 1.000000
368 947 1.000000
368 1052 1.000000
368 1032 1.000000
368 1226 1.000000
368 1227 1.000000
368 1026 1.000000
368 1228 1.000000
368 683 1.000000
368 579 1.000000
369 1003 1.000000
369 2711 1.000000
369 3039 1.000000
370 1818 1.000000
371 1838 1.000000
372 372 1.000000
372 2349 1.000000
373 947 1.000000
373 2126 1.000000
373 2351 1.000000
373 2352 1.000000
374 2143 1.000000
375 1204 1.000000
376 376 1.000000
376 707 1.000000
377 842 1.000000
377 844 1.000000
377 1838 1.000000
380 1978 1.000000
381 382 1.000000
381 383 1.000000
381 384 1.000000
381 385 1.000000
382 1647 1.000000
382 2436 1.000000
382 1039 1.000000
382 1055 1.000000
383 572 1.000000
383 1111 1.000000
383 574 1.000000
383 1809 1.000000
383 1843 1.000000
383 2747 1.000000
383 682 1.000000
383 1078 1.000000
383 1054 1.000000
384 1843 1.000000
384 2747 1.000000
384 682 1.000000
384 1078 1.000000
384 1054 1.000000
385 412 1.000000
385 560 1.000000
385 667 1.000000
385 955 1.000000
385 1087 1.000000
385 1076 1.000000
385 1508 1.000000
385 1617 1.000000
385 1752 1.000000
385 1826 1.000000
385 1838 1.000000
385 1180 1.000000
385 1962 1.000000
385 840 1.000000
385 2124 1.000000
385 2068 1.000000
385 1482 1.000000
385 2525 1.000000
385 1643 1.000000
385 2527 1.000000
385 1644 1.000000
385 2281 1.000000
385 1078 1.000000
385 1054 1.000000
386 387 1.000000
386 388 1.000000
386 389 1.000000
386 390 1.000000
386 391 1.000000
386 392 1.000000
387 874 1.000000
388 3156 1.000000
389 391 1.000000
389 3235 1.000000
391 3235 1.000000
392 861 1.000000
393 394 1.000000
395 396 1.000000
395 397 1.000000
395 398 1.000000
395 1274 1.000000
395 2122 1.000000
395 1282 1.000000
396 398 1.000000
396 2122 1.000000
398 1010 1.000000
398 1108 1.000000
398 2122 1.000000
398 1282 1.000000
398 1285 1.000000
399 400 1.000000
399 401 1.000000
400 2719 1.000000
401 1978 1.000000
404 405 1.000000
404 406 1.000000
405 405 1.000000
405 406 1.000000
405 3075 1.000000
406 1203 1.000000
406 3075 1.000000
407 407 1.000000
407 408 1.000000
407 409 1.000000
407 410 1.000000
407 411 1.000000
407 1139 1.000000
408 750 1.000000
409 644 1.000000
409 1234 1.000000
409 1235 1.000000
410 649 1.000000
412 413 1.000000
412 414 1.000000
412 415 1.000000
412 416 1.000000
412 417 1.000000
412 2527 1.000000
413 560 1.000000
413 1617 1.000000
413 2068 1.000000
413 2490 1.000000
413 1643 1.000000
413 2601 1.000000
413 2528 1.000000
414 667 1.000000
414 2527 1.000000
414 1644 1.000000
415 795 1.000000
415 1963 1.000000
416 596 1.000000
416 947 1.000000
416 1617 1.000000
416 1826 1.000000
416 840 1.000000
416 2068 1.000000
416 2099 1.000000
416 417 1.000000
416 2491 1.000000
417 1840 1.000000
418 419 1.000000
418 420 1.000000
418 421 1.000000
418 1258 1.000000
419 2975 1.000000
420 2975 1.000000
421 2975 1.000000
422 423 1.000000
424 425 1.000000
424 1566 1.000000
425 1566 1.000000
426 1679 1.000000
427 428 1.000000
427 429 1.000000
427 2340 1.000000
427 2344 1.000000
429 3076 1.000000
430 431 1.000000
430 1238 1.000000
431 557 1.000000
431 1238 1.000000
432 432 1.000000
432 433 1.000000
432 2745 1.000000
433 2745 1.000000
434 435 1.000000
435 2050 1.000000
435 2052 1.000000
435 2051 1.000000
436 437 1.000000
436 438 1.000000
436 439 1.000000
436 440 1.000000
436 441 1.000000
436 442 1.000000
436 638 1.000000
437 640 1.000000
437 442 1.000000
438 825 1.000000
438 640 1.000000
438 1617 1.000000
438 1516 1.000000
439 640 1.000000
439 2350 1.000000
440 839 1.000000
440 680 1.000000
440 640 1.000000
440 1515 1.000000
440 1482 1.000000
440 2527 1.000000
441 640 1.000000
441 1551 1.000000
441 1553 1.000000
441 1617 1.000000
441 1752 1.000000
441 1123 1.000000
441 1126 1.000000
442 638 1.000000
442 1003 1.000000
442 640 1.000000
442 2159 1.000000
442 3039 1.000000
443 2075 1.000000
443 2080 1.000000
444 445 1.000000
445 2006 1.000000
445 2008 1.000000
446 447 1.000000
446 448 1.000000
447 509 1.000000
448 509 1.000000
449 450 1.000000
449 1883 1.000000
450 1232 1.000000
450 1883 1.000000
450 2348 1.000000
450 2918 1.000000
450 3147 1.000000
451 452 1.000000
451 453 1.000000
451 454 1.000000
451 455 1.000000
451 456 1.000000
451 457 1.000000
451 458 1.000000
451 2415 1.000000
451 2936 1.000000
451 2959 1.000000
452 889 1.000000
452 897 1.000000
452 1013 1.000000
452 1701 1.000000
452 464 1.000000
452 2895 1.000000
453 1013 1.000000
454 1013 1.000000
455 1013 1.000000
455 1687 1.000000
455 1115 1.000000
456 1013 1.000000
457 1013 1.000000
457 2296 1.000000
457 2297 1.000000
457 2298 1.000000
458 1013 1.000000
458 2298 1.000000
458 2299 1.000000
458 2297 1.000000
459 460 1.000000
459 2750 1.000000
460 2280 1.000000
460 3124 1.000000
461 462 1.000000
461 1567 1.000000
462 1365 1.000000
463 464 1.000000
463 465 1.000000
464 1113 1.000000
464 1251 1.000000
464 1701 1.000000
464 884 1.000000
464 890 1.000000
464 885 1.000000
464 2895 1.000000
465 2120 1.000000
466 466 1.000000
466 2180 1.000000
467 3196 1.000000
468 1757 1.000000
468 1775 1.000000
468 3196 1.000000
469 470 1.000000
471 472 1.000000
471 473 1.000000
471 474 1.000000
471 475 1.000000
471 476 1.000000
471 477 1.000000
471 478 1.000000
471 479 1.000000
471 480 1.000000
474 2005 1.000000
474 3000 1.000000
476 2712 1.000000
476 2713 1.000000
480 3324 1.000000
481 482 1.000000
481 483 1.000000
482 1717 1.000000
482 483 1.000000
482 2981 1.000000
483 1493 1.000000
483 2981 1.000000
484 485 1.000000
486 487 1.000000
486 2470 1.000000
488 489 1.000000
489 621 1.000000
490 491 1.000000
490 492 1.000000
491 2645 1.000000
491 2973 1.000000
492 2645 1.000000
492 2544 1.000000
492 2957 1.000000
493 493 1.000000
493 494 1.000000
495 496 1.000000
495 2073 1.000000
495 3134 1.000000
496 1780 1.000000
496 1781 1.000000
497 498 1.000000
497 499 1.000000
498 1524 1.000000
498 2011 1.000000
500 501 1.000000
500 502 1.000000
501 2702 1.000000
502 922 1.000000
502 1868 1.000000
503 504 1.000000
503 505 1.000000
503 506 1.000000
503 630 1.000000
503 1493 1.000000
506 1986 1.000000
506 2270 1.000000
506 2843 1.000000
511 512 1.000000
513 514 1.000000
513 515 1.000000
513 516 1.000000
515 2587 1.000000
515 2595 1.000000
515 2597 1.000000
516 2597 1.000000
517 518 1.000000
518 1074 1.000000
518 3063 1.000000
519 520 1.000000
520 2097 1.000000
521 522 1.000000
521 523 1.000000
522 1192 1.000000
522 1194 1.000000
522 1195 1.000000
522 1782 1.000000
522 3026 1.000000
523 1192 1.000000
523 1194 1.000000
523 1195 1.000000
523 1782 1.000000
523 3026 1.000000
524 525 1.000000
525 1247 1.000000
526 527 1.000000
526 528 1.000000
526 529 1.000000
526 530 1.000000
530 1003 1.000000
530 3039 1.000000
530 3169 1.000000
531 532 1.000000
531 533 1.000000
531 534 1.000000
531 535 1.000000
531 536 1.000000
531 537 1.000000
531 538 1.000000
531 1333 1.000000
531 1508 1.000000
531 1617 1.000000
531 1752 1.000000
531 1180 1.000000
531 1514 1.000000
531 1961 1.000000
531 1753 1.000000
531 3316 1.000000
532 533 1.000000
532 1508 1.000000
532 1617 1.000000
532 1752 1.000000
532 1514 1.000000
532 1753 1.000000
532 1649 1.000000
532 3280 1.000000
532 3315 1.000000
533 1076 1.000000
533 1175 1.000000
533 1617 1.000000
533 1521 1.000000
533 1753 1.000000
533 1650 1.000000
534 947 1.000000
534 561 1.000000
534 1751 1.000000
534 1265 1.000000
534 1752 1.000000
534 1521 1.000000
535 1175 1.000000
535 1508 1.000000
535 1617 1.000000
536 1333 1.000000
536 1508 1.000000
536 1617 1.000000
536 1752 1.000000
536 1180 1.000000
536 1514 1.000000
536 1961 1.000000
536 1643 1.000000
536 1753 1.000000
536 3315 1.000000
536 3316 1.000000
537 680 1.000000
537 1175 1.000000
537 1508 1.000000
537 1617 1.000000
537 1682 1.000000
537 1751 1.000000
537 1752 1.000000
537 1514 1.000000
537 2527 1.000000
537 1521 1.000000
537 1753 1.000000
537 1649 1.000000
537 1902 1.000000
537 3280 1.000000
537 3315 1.000000
538 693 1.000000
538 1333 1.000000
538 1390 1.000000
538 1617 1.000000
538 1752 1.000000
538 1514 1.000000
538 1641 1.000000
539 539 1.000000
541 542 1.000000
543 544 1.000000
543 545 1.000000
545 847 1.000000
545 1802 1.000000
545 2559 1.000000
546 546 1.000000
547 548 1.000000
547 549 1.000000
547 550 1.000000
547 551 1.000000
547 552 1.000000
548 815 1.000000
548 552 1.000000
549 815 1.000000
549 552 1.000000
550 815 1.000000
550 551 1.000000
551 815 1.000000
551 1994 1.000000
552 815 1.000000
552 1868 1.000000
553 1506 1.000000
553 1987 1.000000
553 3269 1.000000
554 555 1.000000
554 556 1.000000
554 928 1.000000
554 1585 1.000000
554 1937 1.000000
555 1725 1.000000
556 3294 1.000000
557 558 1.000000
557 559 1.000000
558 1172 1.000000
558 2338 1.000000
559 3091 1.000000
560 561 1.000000
560 1617 1.000000
560 1635 1.000000
560 1752 1.000000
560 2094 1.000000
561 1265 1.000000
561 1184 1.000000
561 1266 1.000000
561 1267 1.000000
561 1508 1.000000
561 1752 1.000000
562 563 1.000000
562 2300 1.000000
563 677 1.000000
563 2300 1.000000
564 565 1.000000
564 566 1.000000
565 565 1.000000
565 566 1.000000
566 955 1.000000
566 957 1.000000
567 568 1.000000
567 569 1.000000
568 1574 1.000000
570 571 1.000000
571 571 1.000000
572 573 1.000000
572 574 1.000000
572 575 1.000000
572 1054 1.000000
573 1111 1.000000
574 1111 1.000000
575 1111 1.000000
575 2114 1.000000
575 1054 1.000000
576 577 1.000000
576 2417 1.000000
577 3209 1.000000
577 3210 1.000000
578 579 1.000000
578 1532 1.000000
579 1617 1.000000
579 1838 1.000000
579 1038 1.000000
579 1027 1.000000
579 907 1.000000
579 2836 1.000000
579 1054 1.000000
579 3315 1.000000
581 582 1.000000
583 584 1.000000
583 1965 1.000000
583 1479 1.000000
584 1453 1.000000
584 1455 1.000000
585 586 1.000000
585 2071 1.000000
585 2989 1.000000
586 2989 1.000000
586 1054 1.000000
587 588 1.000000
587 2105 1.000000
588 2105 1.000000
588 2107 1.000000
588 2761 1.000000
589 590 1.000000
589 1745 1.000000
589 2973 1.000000
590 1740 1.000000
591 2831 1.000000
592 1096 1.000000
593 983 1.000000
593 1925 1.000000
593 2340 1.000000
594 805 1.000000
594 1883 1.000000
594 2212 1.000000
594 2272 1.000000
594 836 1.000000
595 596 1.000000
595 597 1.000000
595 1003 1.000000
595 1052 1.000000
595 3039 1.000000
595 3040 1.000000
596 696 1.000000
596 1052 1.000000
596 1175 1.000000
596 1038 1.000000
598 599 1.000000
598 1175 1.000000
598 1961 1.000000
598 961 1.000000
598 2281 1.000000
598 2284 1.000000
598 963 1.000000
598 964 1.000000
599 1617 1.000000
599 2096 1.000000
599 2284 1.000000
600 601 1.000000
601 1354 1.000000
601 2121 1.000000
601 2861 1.000000
601 3045 1.000000
602 603 1.000000
602 673 1.000000
603 2065 1.000000
603 2314 1.000000
603 2469 1.000000
603 2470 1.000000
603 2471 1.000000
603 2472 1.000000
603 3258 1.000000
604 605 1.000000
605 783 1.000000
605 981 1.000000
605 785 1.000000
605 1946 1.000000
606 607 1.000000
607 850 1.000000
607 3000 1.000000
607 3118 1.000000
608 608 1.000000
608 609 1.000000
608 1595 1.000000
609 1595 1.000000
609 1592 1.000000
609 1593 1.000000
609 1596 1.000000
610 1757 1.000000
610 2072 1.000000
610 1560 1.000000
610 1759 1.000000
610 2669 1.000000
610 611 1.000000
611 1757 1.000000
611 2072 1.000000
611 2669 1.000000
611 611 1.000000
612 613 1.000000
612 1115 1.000000
612 2413 1.000000
613 1115 1.000000
613 2413 1.000000
613 2576 1.000000
613 1917 1.000000
613 2417 1.000000
614 615 1.000000
616 617 1.000000
616 618 1.000000
618 1746 1.000000
618 3163 1.000000
618 3203 1.000000
618 3204 1.000000
619 620 1.000000
619 1086 1.000000
619 3128 1.000000
620 1408 1.000000
620 1086 1.000000
620 3128 1.000000
622 623 1.000000
624 625 1.000000
624 2310 1.000000
625 2310 1.000000
625 2005 1.000000
626 627 1.000000
626 1937 1.000000
627 1937 1.000000
627 2002 1.000000
627 2989 1.000000
628 629 1.000000
630 631 1.000000
631 2443 1.000000
632 633 1.000000
632 634 1.000000
635 636 1.000000
635 637 1.000000
636 2359 1.000000
637 2966 1.000000
637 637 1.000000
638 639 1.000000
638 640 1.000000
638 641 1.000000
639 680 1.000000
639 1508 1.000000
639 1617 1.000000
640 736 1.000000
641 677 1.000000
641 824 1.000000
641 697 1.000000
641 1031 1.000000
641 1827 1.000000
641 684 1.000000
641 958 1.000000
642 643 1.000000
644 645 1.000000
644 646 1.000000
644 647 1.000000
644 648 1.000000
647 1796 1.000000
647 652 1.000000
647 654 1.000000
648 1796 1.000000
648 1636 1.000000
649 650 1.000000
649 651 1.000000
649 652 1.000000
649 653 1.000000
649 654 1.000000
649 655 1.000000
649 656 1.000000
649 1713 1.000000
650 652 1.000000
650 1715 1.000000
650 2105 1.000000
651 653 1.000000
652 1492 1.000000
652 2105 1.000000
655 655 1.000000
656 888 1.000000
656 883 1.000000
657 658 1.000000
657 659 1.000000
657 3118 1.000000
658 2505 1.000000
659 2505 1.000000
660 661 1.000000
660 662 1.000000
661 3019 1.000000
662 3022 1.000000
662 3019 1.000000
662 3020 1.000000
663 664 1.000000
663 2417 1.000000
664 1910 1.000000
664 1917 1.000000
665 666 1.000000
665 1139 1.000000
666 666 1.000000
667 668 1.000000
667 1617 1.000000
667 1643 1.000000
667 2527 1.000000
668 1087 1.000000
668 1481 1.000000
668 1617 1.000000
668 1962 1.000000
668 2286 1.000000
668 2287 1.000000
668 1643 1.000000
668 2527 1.000000
668 1644 1.000000
668 3315 1.000000
669 670 1.000000
669 671 1.000000
669 672 1.000000
670 1400 1.000000
670 1729 1.000000
671 1400 1.000000
671 1729 1.000000
672 1541 1.000000
673 674 1.000000
675 676 1.000000
677 678 1.000000
677 679 1.000000
677 680 1.000000
677 681 1.000000
677 682 1.000000
677 683 1.000000
677 684 1.000000
677 958 1.000000
678 1031 1.000000
678 2073 1.000000
679 1026 1.000000
679 1027 1.000000
679 683 1.000000
679 680 1.000000
679 1551 1.000000
679 1838 1.000000
679 1841 1.000000
679 1078 1.000000
680 1076 1.000000
680 1077 1.000000
680 1078 1.000000
680 1838 1.000000
680 1841 1.000000
682 1031 1.000000
682 1317 1.000000
682 1318 1.000000
682 922 1.000000
682 1843 1.000000
682 2034 1.000000
682 1040 1.000000
682 1320 1.000000
683 1838 1.000000
684 1841 1.000000
685 686 1.000000
687 688 1.000000
687 3315 1.000000
688 688 1.000000
689 690 1.000000
689 691 1.000000
689 692 1.000000
690 2277 1.000000
690 3033 1.000000
690 3044 1.000000
690 3045 1.000000
691 891 1.000000
691 775 1.000000
691 1468 1.000000
691 1469 1.000000
691 3044 1.000000
692 3044 1.000000
692 3045 1.000000
693 693 1.000000
694 695 1.000000
696 697 1.000000
696 698 1.000000
696 699 1.000000
696 700 1.000000
696 701 1.000000
696 1052 1.000000
696 1841 1.000000
696 1054 1.000000
697 1175 1.000000
697 1617 1.000000
697 1514 1.000000
698 1459 1.000000
698 699 1.000000
698 700 1.000000
698 1078 1.000000
699 1459 1.000000
699 1078 1.000000
700 1459 1.000000
700 938 1.000000
700 1078 1.000000
702 703 1.000000
702 704 1.000000
703 2672 1.000000
703 2758 1.000000
704 1432 1.000000
704 1928 1.000000
705 705 1.000000
705 706 1.000000
705 707 1.000000
706 707 1.000000
707 3165 1.000000
707 1106 1.000000
707 2075 1.000000
708 709 1.000000
708 710 1.000000
708 2800 1.000000
709 710 1.000000
709 2800 1.000000
710 2417 1.000000
711 712 1.000000
711 2393 1.000000
711 2394 1.000000
712 2393 1.000000
712 2394 1.000000
713 714 1.000000
713 715 1.000000
714 1003 1.000000
714 3039 1.000000
715 1003 1.000000
715 1220 1.000000
715 2501 1.000000
715 3039 1.000000
716 717 1.000000
717 1590 1.000000
718 719 1.000000
720 721 1.000000
720 1535 1.000000
721 1535 1.000000
722 723 1.000000
724 1676 1.000000
726 1640 1.000000
728 2371 1.000000
729 730 1.000000
729 2143 1.000000
730 2143 1.000000
731 731 1.000000
732 733 1.000000
732 2587 1.000000
733 2583 1.000000
733 2587 1.000000
733 2595 1.000000
734 735 1.000000
735 735 1.000000
736 737 1.000000
736 738 1.000000
736 739 1.000000
736 740 1.000000
737 2816 1.000000
738 738 1.000000
738 740 1.000000
739 740 1.000000
741 1099 1.000000
742 743 1.000000
742 744 1.000000
743 2264 1.000000
745 746 1.000000
745 747 1.000000
748 748 1.000000
748 749 1.000000
748 2736 1.000000
751 1042 1.000000
751 1194 1.000000
751 1233 1.000000
751 2344 1.000000
751 2859 1.000000
751 2936 1.000000
754 755 1.000000
754 756 1.000000
754 803 1.000000
754 804 1.000000
755 2388 1.000000
755 2389 1.000000
755 2647 1.000000
756 2388 1.000000
756 2646 1.000000
756 2647 1.000000
757 758 1.000000
759 760 1.000000
759 761 1.000000
759 1559 1.000000
760 1559 1.000000
762 763 1.000000
763 947 1.000000
763 1841 1.000000
764 765 1.000000
764 766 1.000000
764 3048 1.000000
765 766 1.000000
765 3039 1.000000
766 1003 1.000000
766 3039 1.000000
766 3040 1.000000
767 768 1.000000
767 769 1.000000
767 770 1.000000
767 771 1.000000
768 2174 1.000000
769 2174 1.000000
770 2174 1.000000
771 2174 1.000000
772 773 1.000000
772 1793 1.000000
773 2736 1.000000
774 775 1.000000
774 2564 1.000000
775 891 1.000000
775 3120 1.000000
776 777 1.000000
776 778 1.000000
777 1397 1.000000
777 778 1.000000
777 3177 1.000000
778 3177 1.000000
778 3304 1.000000
779 780 1.000000
780 3244 1.000000
781 782 1.000000
782 1068 1.000000
783 784 1.000000
783 785 1.000000
783 930 1.000000
783 2921 1.000000
784 981 1.000000
784 931 1.000000
784 2921 1.000000
785 981 1.000000
786 787 1.000000
787 3316 1.000000
788 789 1.000000
788 790 1.000000
788 2694 1.000000
789 2697 1.000000
790 2697 1.000000
790 3045 1.000000
790 3120 1.000000
790 3047 1.000000
790 3208 1.000000
790 1021 1.000000
791 792 1.000000
792 1113 1.000000
792 1610 1.000000
792 1601 1.000000
792 1600 1.000000
793 794 1.000000
794 1550 1.000000
795 3316 1.000000
796 797 1.000000
797 1508 1.000000
797 1617 1.000000
797 1634 1.000000
797 1752 1.000000
798 799 1.000000
798 800 1.000000
801 802 1.000000
801 1370 1.000000
802 1410 1.000000
802 1382 1.000000
802 1370 1.000000
803 804 1.000000
805 806 1.000000
806 2212 1.000000
807 808 1.000000
809 810 1.000000
810 2868 1.000000
810 3295 1.000000
811 812 1.000000
813 814 1.000000
816 817 1.000000
817 2213 1.000000
819 819 1.000000
820 821 1.000000
821 1706 1.000000
821 1790 1.000000
821 1999 1.000000
821 1418 1.000000
821 2895 1.000000
821 3092 1.000000
822 823 1.000000
823 2293 1.000000
824 825 1.000000
824 826 1.000000
824 827 1.000000
825 875 1.000000
826 827 1.000000
828 829 1.000000
828 2456 1.000000
829 2524 1.000000
831 832 1.000000
832 2058 1.000000
832 2693 1.000000
833 834 1.000000
835 836 1.000000
835 2340 1.000000
835 2344 1.000000
835 2859 1.000000
836 2340 1.000000
836 2344 1.000000
836 2859 1.000000
838 838 1.000000
839 840 1.000000
839 841 1.000000
840 1124 1.000000
840 1510 1.000000
840 1511 1.000000
840 1512 1.000000
840 2068 1.000000
840 1181 1.000000
841 1617 1.000000
841 1752 1.000000
841 1067 1.000000
841 1265 1.000000
841 2527 1.000000
842 843 1.000000
842 844 1.000000
843 1838 1.000000
845 846 1.000000
847 848 1.000000
847 849 1.000000
847 2563 1.000000
848 1811 1.000000
848 1812 1.000000
848 2559 1.000000
849 2317 1.000000
849 2559 1.000000
850 851 1.000000
850 852 1.000000
850 853 1.000000
850 854 1.000000
855 856 1.000000
856 3050 1.000000
857 858 1.000000
857 934 1.000000
857 2999 1.000000
858 1027 1.000000
858 3314 1.000000
859 859 1.000000
860 861 1.000000
861 932 1.000000
861 2454 1.000000
862 863 1.000000
862 864 1.000000
862 865 1.000000
862 866 1.000000
863 2825 1.000000
864 3140 1.000000
864 3142 1.000000
866 3140 1.000000
867 868 1.000000
868 1446 1.000000
869 870 1.000000
869 1016 1.000000
870 1016 1.000000
870 1378 1.000000
870 1381 1.000000
870 3128 1.000000
871 872 1.000000
871 873 1.000000
871 1918 1.000000
874 1658 1.000000
876 877 1.000000
876 878 1.000000
876 1837 1.000000
877 877 1.000000
877 878 1.000000
877 1837 1.000000
878 1837 1.000000
879 880 1.000000
879 881 1.000000
879 882 1.000000
880 1119 1.000000
881 887 1.000000
881 1119 1.000000
881 1145 1.000000
881 3024 1.000000
882 1119 1.000000
883 1757 1.000000
883 1560 1.000000
883 1653 1.000000
884 885 1.000000
884 889 1.000000
885 889 1.000000
885 1807 1.000000
886 886 1.000000
887 2177 1.000000
887 3024 1.000000
888 2702 1.000000
889 890 1.000000
889 1113 1.000000
889 1701 1.000000
889 2895 1.000000
890 1701 1.000000
890 1706 1.000000
891 892 1.000000
891 2262 1.000000
891 1468 1.000000
893 894 1.000000
893 2359 1.000000
895 896 1.000000
896 2366 1.000000
897 1909 1.000000
897 2632 1.000000
898 899 1.000000
898 1003 1.000000
898 3039 1.000000
900 900 1.000000
900 901 1.000000
900 902 1.000000
900 1376 1.000000
900 1715 1.000000
900 1377 1.000000
900 2335 1.000000
900 1105 1.000000
901 902 1.000000
901 1376 1.000000
901 1103 1.000000
901 1104 1.000000
901 1377 1.000000
901 1105 1.000000
901 1715 1.000000
901 2335 1.000000
902 1715 1.000000
902 1377 1.000000
902 2335 1.000000
902 1105 1.000000
903 904 1.000000
905 905 1.000000
905 1775 1.000000
906 1723 1.000000
906 2882 1.000000
906 2851 1.000000
907 2782 1.000000
907 2836 1.000000
908 933 1.000000
908 1118 1.000000
908 1951 1.000000
909 910 1.000000
909 2204 1.000000
909 1861 1.000000
909 2307 1.000000
910 910 1.000000
911 912 1.000000
913 1315 1.000000
913 2095 1.000000
914 1492 1.000000
915 916 1.000000
915 1168 1.000000
915 1731 1.000000
917 918 1.000000
917 1175 1.000000
917 1508 1.000000
917 1617 1.000000
917 1752 1.000000
917 1179 1.000000
917 1641 1.000000
917 1651 1.000000
918 1641 1.000000
918 1182 1.000000
918 1651 1.000000
919 920 1.000000
919 921 1.000000
919 1157 1.000000
919 1470 1.000000
919 1959 1.000000
919 2933 1.000000
920 2275 1.000000
921 2742 1.000000
921 1705 1.000000
922 923 1.000000
922 924 1.000000
922 925 1.000000
922 3129 1.000000
924 1868 1.000000
924 2702 1.000000
925 1175 1.000000
925 1843 1.000000
925 1961 1.000000
926 927 1.000000
927 1982 1.000000
927 3235 1.000000
928 929 1.000000
928 1937 1.000000
930 931 1.000000
930 2921 1.000000
931 2921 1.000000
932 2454 1.000000
932 3052 1.000000
932 3281 1.000000
935 936 1.000000
937 938 1.000000
939 940 1.000000
941 942 1.000000
942 2962 1.000000
942 2965 1.000000
943 944 1.000000
943 945 1.000000
943 946 1.000000
944 1204 1.000000
944 1295 1.000000
945 1204 1.000000
945 1295 1.000000
946 1204 1.000000
946 1295 1.000000
947 948 1.000000
947 1838 1.000000
948 1341 1.000000
948 1546 1.000000
948 2089 1.000000
948 2139 1.000000
948 1841 1.000000
948 2093 1.000000
949 949 1.000000
950 951 1.000000
950 952 1.000000
950 953 1.000000
950 954 1.000000
951 1736 1.000000
951 953 1.000000
951 2769 1.000000
951 3241 1.000000
952 953 1.000000
953 2851 1.000000
954 1736 1.000000
954 2769 1.000000
955 956 1.000000
955 957 1.000000
955 958 1.000000
955 959 1.000000
955 960 1.000000
955 961 1.000000
955 962 1.000000
955 963 1.000000
955 964 1.000000
956 1087 1.000000
956 1315 1.000000
956 1962 1.000000
957 1048 1.000000
957 961 1.000000
957 1712 1.000000
957 2094 1.000000
959 1462 1.000000
959 1466 1.000000
959 1768 1.000000
959 2281 1.000000
960 1175 1.000000
960 1617 1.000000
960 1961 1.000000
960 1643 1.000000
961 1961 1.000000
961 2527 1.000000
961 1088 1.000000
961 963 1.000000
961 964 1.000000
961 2281 1.000000
962 3218 1.000000
963 1962 1.000000
963 1961 1.000000
963 2527 1.000000
963 2281 1.000000
963 1088 1.000000
963 2284 1.000000
963 964 1.000000
964 1087 1.000000
964 1617 1.000000
964 1962 1.000000
964 2094 1.000000
964 1961 1.000000
964 2527 1.000000
964 2281 1.000000
964 2284 1.000000
964 1088 1.000000
964 964 1.000000
965 966 1.000000
966 2839 1.000000
966 3246 1.000000
967 967 1.000000
968 969 1.000000
968 1930 1.000000
968 1933 1.000000
968 1934 1.000000
969 1930 1.000000
969 1933 1.000000
970 971 1.000000
972 973 1.000000
973 2959 1.000000
974 975 1.000000
975 1190 1.000000
975 1191 1.000000
975 2899 1.000000
976 977 1.000000
976 978 1.000000
977 2407 1.000000
978 2407 1.000000
979 980 1.000000
981 2921 1.000000
982 2381 1.000000
983 1084 1.000000
983 1381 1.000000
984 985 1.000000
984 986 1.000000
985 1030 1.000000
985 1679 1.000000
986 2986 1.000000
987 987 1.000000
987 988 1.000000
988 2358 1.000000
989 990 1.000000
990 1428 1.000000
991 992 1.000000
992 1701 1.000000
993 994 1.000000
993 2338 1.000000
994 2339 1.000000
995 996 1.000000
995 997 1.000000
995 998 1.000000
998 1113 1.000000
998 2383 1.000000
999 1000 1.000000
1000 3177 1.000000
1001 1002 1.000000
1001 2275 1.000000
1002 3174 1.000000
1003 1004 1.000000
1004 2625 1.000000
1004 3039 1.000000
1004 2626 1.000000
1005 1006 1.000000
1005 1007 1.000000
1005 1577 1.000000
1007 1577 1.000000
1008 1009 1.000000
1008 1532 1.000000
1009 1591 1.000000
1010 1274 1.000000
1010 1279 1.000000
1010 2122 1.000000
1010 1282 1.000000
1010 2123 1.000000
1010 1285 1.000000
1010 1286 1.000000
1011 1012 1.000000
1014 1015 1.000000
1015 1729 1.000000
1017 1018 1.000000
1017 1019 1.000000
1018 1391 1.000000
1018 2413 1.000000
1018 1941 1.000000
1018 2785 1.000000
1019 1356 1.000000
1019 1115 1.000000
1019 2413 1.000000
1019 2630 1.000000
1019 2653 1.000000
1020 1021 1.000000
1021 1469 1.000000
1021 3120 1.000000
1022 1023 1.000000
1022 1024 1.000000
1022 1025 1.000000
1024 1674 1.000000
1024 1675 1.000000
1024 1673 1.000000
1024 2499 1.000000
1024 2696 1.000000
1024 3095 1.000000
1026 1838 1.000000
1026 1638 1.000000
1027 1175 1.000000
1027 1508 1.000000
1027 1617 1.000000
1027 1722 1.000000
1027 1515 1.000000
1027 2034 1.000000
1027 2089 1.000000
1027 2462 1.000000
1027 1646 1.000000
1027 1154 1.000000
1027 2463 1.000000
1027 1054 1.000000
1028 1029 1.000000
1029 1491 1.000000
1030 1679 1.000000
1031 1032 1.000000
1031 1033 1.000000
1031 1034 1.000000
1031 1035 1.000000
1031 1036 1.000000
1031 1037 1.000000
1031 1038 1.000000
1031 1039 1.000000
1031 1040 1.000000
1031 1041 1.000000
1031 1120 1.000000
1032 1838 1.000000
1032 2035 1.000000
1032 3315 1.000000
1033 1120 1.000000
1033 1313 1.000000
1033 1314 1.000000
1033 3196 1.000000
1034 1443 1.000000
1035 1037 1.000000
1036 1037 1.000000
1038 1838 1.000000
1038 1839 1.000000
1038 2114 1.000000
1038 1208 1.000000
1039 1647 1.000000
1039 2436 1.000000
1039 2747 1.000000
1039 1054 1.000000
1041 2340 1.000000
1042 1043 1.000000
1044 1045 1.000000
1045 1672 1.000000
1045 1905 1.000000
1046 1047 1.000000
1046 1048 1.000000
1046 1049 1.000000
1046 1050 1.000000
1046 1051 1.000000
1047 1089 1.000000
1047 1405 1.000000
1047 1549 1.000000
1047 1050 1.000000
1048 1549 1.000000
1048 1126 1.000000
1048 2969 1.000000
1049 1175 1.000000
1049 1549 1.000000
1049 1210 1.000000
1049 1050 1.000000
1049 3315 1.000000
1050 1549 1.000000
1050 1754 1.000000
1050 1210 1.000000
1050 2431 1.000000
1050 3315 1.000000
1052 1053 1.000000
1052 1054 1.000000
1052 1055 1.000000
1053 1809 1.000000
1053 1054 1.000000
1054 1317 1.000000
1054 1318 1.000000
1054 1809 1.000000
1054 1810 1.000000
1054 1843 1.000000
1054 2090 1.000000
1054 2756 1.000000
1054 1055 1.000000
1054 2093 1.000000
1055 3164 1.000000
1055 2747 1.000000
1055 2093 1.000000
1056 1057 1.000000
1056 1058 1.000000
1057 1058 1.000000
1058 2810 1.000000
1059 1060 1.000000
1059 1061 1.000000
1064 1065 1.000000
1065 1871 1.000000
1066 1067 1.000000
1067 1067 1.000000
1068 3041 1.000000
1069 1070 1.000000
1069 1071 1.000000
1069 1072 1.000000
1070 1072 1.000000
1071 3008 1.000000
1075 1880 1.000000
1075 1883 1.000000
1075 2272 1.000000
1075 2340 1.000000
1075 2348 1.000000
1076 1123 1.000000
1076 1124 1.000000
1076 1125 1.000000
1076 1126 1.000000
1076 1127 1.000000
1076 1838 1.000000
1077 1089 1.000000
1077 1405 1.000000
1078 2090 1.000000
1078 2092 1.000000
1079 1080 1.000000
1079 1081 1.000000
1080 1342 1.000000
1080 1081 1.000000
1080 1742 1.000000
1080 2545 1.000000
1080 2973 1.000000
1081 1742 1.000000
1081 2929 1.000000
1082 1083 1.000000
1083 2334 1.000000
1084 1085 1.000000
1084 1086 1.000000
1084 3128 1.000000
1085 2340 1.000000
1086 1381 1.000000
1087 1088 1.000000
1088 1962 1.000000
1088 2281 1.000000
1088 2778 1.000000
1089 1090 1.000000
1089 1091 1.000000
1089 1092 1.000000
1089 1093 1.000000
1089 1094 1.000000
1089 1095 1.000000
1089 1838 1.000000
1090 1405 1.000000
1091 1405 1.000000
1091 1094 1.000000
1091 1095 1.000000
1092 1405 1.000000
1092 1093 1.000000
1093 1405 1.000000
1094 1405 1.000000
1094 1095 1.000000
1094 3315 1.000000
1095 1405 1.000000
1096 1097 1.000000
1096 1098 1.000000
1096 1099 1.000000
1096 1100 1.000000
1096 1101 1.000000
1097 1099 1.000000
1098 1498 1.000000
1100 1388 1.000000
1100 1101 1.000000
1102 1103 1.000000
1102 1104 1.000000
1102 1105 1.000000
1103 1715 1.000000
1103 1377 1.000000
1103 2335 1.000000
1104 1484 1.000000
1104 2275 1.000000
1104 2305 1.000000
1104 2958 1.000000
1105 1160 1.000000
1105 3133 1.000000
1105 1376 1.000000
1105 1716 1.000000
1105 1829 1.000000
1105 2958 1.000000
1106 1107 1.000000
1106 2079 1.000000
1108 1274 1.000000
1108 2122 1.000000
1108 1282 1.000000
1108 2123 1.000000
1108 1285 1.000000
1108 1286 1.000000
1109 1110 1.000000
1112 1112 1.000000
1113 1707 1.000000
1113 2895 1.000000
1114 1115 1.000000
1115 2306 1.000000
1115 1690 1.000000
1115 1675 1.000000
1115 1908 1.000000
1115 1910 1.000000
1115 2296 1.000000
1115 1917 1.000000
1115 2307 1.000000
1115 2308 1.000000
1115 2309 1.000000
1115 1705 1.000000
1116 1117 1.000000
1118 1119 1.000000
1119 2541 1.000000
1119 2606 1.000000
1121 1122 1.000000
1121 1723 1.000000
1122 1727 1.000000
1123 1551 1.000000
1123 1553 1.000000
1123 1617 1.000000
1123 1752 1.000000
1123 1126 1.000000
1124 1175 1.000000
1124 1227 1.000000
1125 2572 1.000000
1126 1175 1.000000
1126 1551 1.000000
1126 1553 1.000000
1126 1617 1.000000
1126 1752 1.000000
1127 1617 1.000000
1127 1636 1.000000
1127 1641 1.000000
1127 1649 1.000000
1127 2528 1.000000
1127 3153 1.000000
1128 1129 1.000000
1128 1130 1.000000
1128 1131 1.000000
1128 1132 1.000000
1129 1130 1.000000
1130 1310 1.000000
1130 1131 1.000000
1130 1132 1.000000
1132 2518 1.000000
1133 1134 1.000000
1134 1373 1.000000
1135 1136 1.000000
1137 1138 1.000000
1137 3173 1.000000
1139 1139 1.000000
1140 1141 1.000000
1140 1142 1.000000
1140 1143 1.000000
1140 1144 1.000000
1140 1145 1.000000
1140 1146 1.000000
1140 1462 1.000000
1140 1962 1.000000
1142 1481 1.000000
1145 1462 1.000000
1145 3008 1.000000
1147 1148 1.000000
1147 2066 1.000000
1148 2066 1.000000
1148 2067 1.000000
1149 1150 1.000000
1149 1151 1.000000
1149 2746 1.000000
1152 1153 1.000000
1152 1154 1.000000
1154 3027 1.000000
1154 3314 1.000000
1155 1156 1.000000
1157 1158 1.000000
1157 1159 1.000000
1157 1401 1.000000
1157 2933 1.000000
1158 1401 1.000000
1159 1772 1.000000
1160 2275 1.000000
1161 1162 1.000000
1161 1163 1.000000
1161 1164 1.000000
1161 1165 1.000000
1164 1711 1.000000
1166 1167 1.000000
1166 1274 1.000000
1168 1169 1.000000
1168 1170 1.000000
1169 1731 1.000000
1170 1731 1.000000
1170 3068 1.000000
1172 1173 1.000000
1172 1174 1.000000
1175 1176 1.000000
1175 1177 1.000000
1175 1178 1.000000
1175 1179 1.000000
1175 1180 1.000000
1175 1181 1.000000
1175 1182 1.000000
1175 1183 1.000000
1175 1184 1.000000
1175 1185 1.000000
1175 1186 1.000000
1175 1187 1.000000
1176 1588 1.000000
1177 1617 1.000000
1178 1617 1.000000
1178 2210 1.000000
1179 1508 1.000000
1179 1617 1.000000
1179 1840 1.000000
1180 1508 1.000000
1180 1617 1.000000
1180 1752 1.000000
1181 1517 1.000000
1182 1651 1.000000
1183 1617 1.000000
1183 1514 1.000000
1183 2552 1.000000
1183 2553 1.000000
1183 2556 1.000000
1183 1651 1.000000
1184 1508 1.000000
1184 1617 1.000000
1184 2527 1.000000
1184 1521 1.000000
1184 1753 1.000000
1184 1649 1.000000
1184 1266 1.000000
1184 1902 1.000000
1185 2363 1.000000
1186 1510 1.000000
1186 1511 1.000000
1186 1512 1.000000
1186 1514 1.000000
1186 1523 1.000000
1186 1187 1.000000
1187 1623 1.000000
1187 1637 1.000000
1188 1189 1.000000
1189 1617 1.000000
1189 1708 1.000000
1190 1191 1.000000
1191 2486 1.000000
1192 1193 1.000000
1192 1194 1.000000
1192 1195 1.000000
1192 1196 1.000000
1194 1195 1.000000
1195 1659 1.000000
1195 2365 1.000000
1196 1531 1.000000
1196 3158 1.000000
1196 2417 1.000000
1198 1199 1.000000
1198 1200 1.000000
1198 1201 1.000000
1198 1202 1.000000
1198 1838 1.000000
1200 1201 1.000000
1202 1265 1.000000
1204 1205 1.000000
1204 1206 1.000000
1204 1207 1.000000
1204 1208 1.000000
1205 1858 1.000000
1205 2104 1.000000
1205 2661 1.000000
1206 1782 1.000000
1208 1436 1.000000
1208 2114 1.000000
1209 1210 1.000000
1209 1782 1.000000
1210 1549 1.000000
1211 1212 1.000000
1211 1213 1.000000
1211 1214 1.000000
1211 1215 1.000000
1211 1216 1.000000
1211 1217 1.000000
1214 1868 1.000000
1218 1219 1.000000
1220 1221 1.000000
1220 1222 1.000000
1223 1224 1.000000
1223 1225 1.000000
1223 1399 1.000000
1224 1399 1.000000
1226 1453 1.000000
1226 1456 1.000000
1226 1838 1.000000
1227 1617 1.000000
1227 1838 1.000000
1227 1839 1.000000
1227 1753 1.000000
1228 1551 1.000000
1228 1838 1.000000
1228 1981 1.000000
1228 1554 1.000000
1228 3059 1.000000
1229 1230 1.000000
1232 1233 1.000000
1233 3147 1.000000
1236 1237 1.000000
1237 1956 1.000000
1237 2681 1.000000
1239 1240 1.000000
1241 1242 1.000000
1243 1244 1.000000
1243 2356 1.000000
1245 1246 1.000000
1246 1558 1.000000
1246 2629 1.000000
1249 1250 1.000000
1250 2671 1.000000
1252 1253 1.000000
1253 2982 1.000000
1253 2983 1.000000
1254 1255 1.000000
1254 2912 1.000000
1256 1257 1.000000
1258 1259 1.000000
1260 1260 1.000000
1261 1262 1.000000
1263 1264 1.000000
1265 1508 1.000000
1265 1551 1.000000
1265 1515 1.000000
1265 2527 1.000000
1265 1521 1.000000
1266 1508 1.000000
1266 1617 1.000000
1266 1752 1.000000
1266 1521 1.000000
1266 1753 1.000000
1266 1649 1.000000
1266 1267 1.000000
1266 1902 1.000000
1267 1508 1.000000
1267 1521 1.000000
1267 1753 1.000000
1267 1649 1.000000
1268 2068 1.000000
1268 2490 1.000000
1269 1270 1.000000
1270 1991 1.000000
1271 1271 1.000000
1272 1273 1.000000
1274 1275 1.000000
1274 1276 1.000000
1274 1277 1.000000
1274 1278 1.000000
1274 1279 1.000000
1274 1280 1.000000
1274 1281 1.000000
1274 1282 1.000000
1274 1283 1.000000
1274 1284 1.000000
1274 1285 1.000000
1274 1286 1.000000
1274 1287 1.000000
1274 1288 1.000000
1274 1289 1.000000
1274 1290 1.000000
1274 1291 1.000000
1276 1282 1.000000
1279 2122 1.000000
1279 1282 1.000000
1279 2332 1.000000
1280 1282 1.000000
1281 1294 1.000000
1282 2161 1.000000
1282 2122 1.000000
1282 2160 1.000000
1282 1282 1.000000
1282 2123 1.000000
1282 1285 1.000000
1282 1286 1.000000
1282 2332 1.000000
1282 1283 1.000000
1283 2122 1.000000
1283 2332 1.000000
1284 2333 1.000000
1285 2122 1.000000
1285 2123 1.000000
1285 1286 1.000000
1286 2122 1.000000
1286 2123 1.000000
1287 2618 1.000000
1291 3256 1.000000
1291 2161 1.000000
1291 2160 1.000000
1291 3257 1.000000
1292 1293 1.000000
1292 2169 1.000000
1293 3038 1.000000
1293 3037 1.000000
1294 1723 1.000000
1295 1723 1.000000
1295 1725 1.000000
1295 1727 1.000000
1296 1297 1.000000
1296 1723 1.000000
1296 1725 1.000000
1296 2169 1.000000
1296 1727 1.000000
1296 2971 1.000000
1297 2367 1.000000
1298 1299 1.000000
1300 1301 1.000000
1303 1304 1.000000
1303 2028 1.000000
1305 1306 1.000000
1305 1307 1.000000
1306 1347 1.000000
1306 1740 1.000000
1306 2151 1.000000
1306 2664 1.000000
1306 2998 1.000000
1307 2151 1.000000
1307 2998 1.000000
1308 1309 1.000000
1308 2219 1.000000
1309 1513 1.000000
1311 1312 1.000000
1312 1390 1.000000
1313 1314 1.000000
1315 1316 1.000000
1315 1317 1.000000
1315 1318 1.000000
1315 1319 1.000000
1315 1320 1.000000
1316 1569 1.000000
1316 3196 1.000000
1317 1320 1.000000
1321 1322 1.000000
1322 1323 1.000000
1322 1324 1.000000
1323 2340 1.000000
1323 1381 1.000000
1323 2935 1.000000
1324 2340 1.000000
1324 1381 1.000000
1325 1326 1.000000
1325 1930 1.000000
1325 2703 1.000000
1326 2703 1.000000
1327 1328 1.000000
1327 1687 1.000000
1328 1687 1.000000
1328 1472 1.000000
1329 1330 1.000000
1329 1331 1.000000
1329 1332 1.000000
1329 2975 1.000000
1333 1617 1.000000
1334 1335 1.000000
1336 1336 1.000000
1337 1338 1.000000
1339 1340 1.000000
1339 2800 1.000000
1340 1536 1.000000
1340 2261 1.000000
1340 2017 1.000000
1340 2598 1.000000
1342 1343 1.000000
1342 1344 1.000000
1342 1345 1.000000
1342 1346 1.000000
1342 2545 1.000000
1343 2974 1.000000
1344 1876 1.000000
1344 1346 1.000000
1344 2973 1.000000
1345 1486 1.000000
1345 2458 1.000000
1345 2459 1.000000
1346 1876 1.000000
1346 2293 1.000000
1346 2973 1.000000
1347 1348 1.000000
1347 1349 1.000000
1349 2151 1.000000
1349 2998 1.000000
1350 1351 1.000000
1352 1353 1.000000
1352 1354 1.000000
1352 1355 1.000000
1352 3120 1.000000
1353 1695 1.000000
1353 3120 1.000000
1354 1816 1.000000
1354 3120 1.000000
1355 3042 1.000000
1355 3118 1.000000
1356 2631 1.000000
1356 2649 1.000000
1356 2650 1.000000
1358 1359 1.000000
1358 1360 1.000000
1358 2464 1.000000
1361 1362 1.000000
1362 1943 1.000000
1362 2377 1.000000
1362 2379 1.000000
1362 2378 1.000000
1363 1364 1.000000
1364 1429 1.000000
1365 1366 1.000000
1365 1367 1.000000
1365 1368 1.000000
1366 2934 1.000000
1369 1370 1.000000
1370 1410 1.000000
1370 2696 1.000000
1370 2903 1.000000
1371 1372 1.000000
1374 1375 1.000000
1376 1715 1.000000
1376 1377 1.000000
1376 2335 1.000000
1377 1716 1.000000
1377 2250 1.000000
1378 1381 1.000000
1378 1383 1.000000
1379 1380 1.000000
1379 1381 1.000000
1379 1382 1.000000
1379 1383 1.000000
1379 3128 1.000000
1381 2340 1.000000
1381 1684 1.000000
1381 2420 1.000000
1381 2421 1.000000
1381 2422 1.000000
1381 2423 1.000000
1381 2424 1.000000
1381 2416 1.000000
1381 2425 1.000000
1381 1383 1.000000
1381 3128 1.000000
1382 1526 1.000000
1384 1385 1.000000
1384 2413 1.000000
1385 1701 1.000000
1386 1387 1.000000
1388 1389 1.000000
1390 1752 1.000000
1390 1651 1.000000
1392 1393 1.000000
1392 1394 1.000000
1393 1395 1.000000
1394 1793 1.000000
1394 3051 1.000000
1396 1396 1.000000
1397 1398 1.000000
1402 1403 1.000000
1402 1404 1.000000
1402 2152 1.000000
1402 2156 1.000000
1403 2152 1.000000
1403 2156 1.000000
1403 2154 1.000000
1404 2156 1.000000
1405 1838 1.000000
1406 1407 1.000000
1408 1409 1.000000
1408 1410 1.000000
1409 2185 1.000000
1410 2694 1.000000
1411 1412 1.000000
1411 1413 1.000000
1414 1415 1.000000
1417 1418 1.000000
1417 1419 1.000000
1420 1421 1.000000
1422 1423 1.000000
1422 1424 1.000000
1422 1425 1.000000
1422 1426 1.000000
1426 1427 1.000000
1427 1989 1.000000
1430 1431 1.000000
1434 1435 1.000000
1437 1438 1.000000
1439 1440 1.000000
1439 1441 1.000000
1440 2244 1.000000
1440 2243 1.000000
1441 3182 1.000000
1442 1443 1.000000
1444 1445 1.000000
1447 1448 1.000000
1448 2280 1.000000
1448 2622 1.000000
1448 2750 1.000000
1448 3124 1.000000
1448 3130 1.000000
1449 1450 1.000000
1449 1772 1.000000
1450 2275 1.000000
1451 1452 1.000000
1453 1454 1.000000
1453 1455 1.000000
1455 1457 1.000000
1455 2370 1.000000
1455 3082 1.000000
1456 1457 1.000000
1458 1459 1.000000
1459 2092 1.000000
1459 2989 1.000000
1460 1461 1.000000
1462 1463 1.000000
1462 1464 1.000000
1462 1465 1.000000
1462 1466 1.000000
1462 1467 1.000000
1462 1962 1.000000
1466 1480 1.000000
1466 1962 1.000000
1467 2492 1.000000
1468 1861 1.000000
1469 3045 1.000000
1469 3047 1.000000
1470 1471 1.000000
1470 1472 1.000000
1470 2340 1.000000
1470 2934 1.000000
1471 1557 1.000000
1471 2305 1.000000
1472 3291 1.000000
1473 1474 1.000000
1473 1475 1.000000
1473 1476 1.000000
1473 1493 1.000000
1474 1493 1.000000
1475 1493 1.000000
1475 1701 1.000000
1476 1477 1.000000
1476 1493 1.000000
1477 1493 1.000000
1478 1479 1.000000
1478 3124 1.000000
1479 1965 1.000000
1479 3124 1.000000
1481 1482 1.000000
1481 1483 1.000000
1482 2125 1.000000
1482 2126 1.000000
1482 2068 1.000000
1482 1961 1.000000
1482 1643 1.000000
1483 2126 1.000000
1483 1961 1.000000
1483 1643 1.000000
1483 2527 1.000000
1484 1557 1.000000
1484 2305 1.000000
1484 2934 1.000000
1484 2958 1.000000
1485 1486 1.000000
1485 2750 1.000000
1486 2868 1.000000
1487 1488 1.000000
1489 1490 1.000000
1491 1492 1.000000
1491 1493 1.000000
1492 1493 1.000000
1493 1494 1.000000
1493 1495 1.000000
1494 1496 1.000000
1494 1495 1.000000
1494 2781 1.000000
1495 1496 1.000000
1495 1495 1.000000
1496 1497 1.000000
1498 1499 1.000000
1500 1500 1.000000
1500 1502 1.000000
1501 1501 1.000000
1503 1503 1.000000
1504 1505 1.000000
1504 1707 1.000000
1504 2895 1.000000
1507 1507 1.000000
1507 1617 1.000000
1507 2740 1.000000
1508 1509 1.000000
1508 1510 1.000000
1508 1511 1.000000
1508 1512 1.000000
1508 1513 1.000000
1508 1514 1.000000
1508 1515 1.000000
1508 1516 1.000000
1508 1517 1.000000
1508 1518 1.000000
1508 1519 1.000000
1508 1520 1.000000
1508 1521 1.000000
1508 1522 1.000000
1508 1523 1.000000
1508 1752 1.000000
1509 1617 1.000000
1509 2124 1.000000
1510 1617 1.000000
1510 1752 1.000000
1510 1514 1.000000
1511 1617 1.000000
1511 1752 1.000000
1511 1514 1.000000
1512 1617 1.000000
1512 1752 1.000000
1512 1514 1.000000
1513 1752 1.000000
1513 1651 1.000000
1513 3315 1.000000
1514 1617 1.000000
1514 1752 1.000000
1514 1656 1.000000
1514 1517 1.000000
1514 1645 1.000000
1514 1520 1.000000
1514 1523 1.000000
1515 1617 1.000000
1515 1752 1.000000
1515 1517 1.000000
1515 1755 1.000000
1516 1617 1.000000
1516 1983 1.000000
1517 1617 1.000000
1517 1752 1.000000
1518 1617 1.000000
1519 1617 1.000000
1519 1960 1.000000
1519 1643 1.000000
1519 2527 1.000000
1519 1651 1.000000
1520 1617 1.000000
1520 1641 1.000000
1520 1649 1.000000
1520 1650 1.000000
1520 2364 1.000000
1521 1902 1.000000
1521 1522 1.000000
1522 1617 1.000000
1522 1753 1.000000
1523 1752 1.000000
1524 1525 1.000000
1525 2011 1.000000
1526 1527 1.000000
1529 1530 1.000000
1530 2863 1.000000
1531 1859 1.000000
1532 1533 1.000000
1532 1534 1.000000
1536 1537 1.000000
1537 2736 1.000000
1538 1539 1.000000
1540 1541 1.000000
1540 1542 1.000000
1542 1543 1.000000
1542 1544 1.000000
1542 1545 1.000000
1544 1988 1.000000
1546 1547 1.000000
1551 1552 1.000000
1551 1553 1.000000
1551 1554 1.000000
1552 1809 1.000000
1553 2730 1.000000
1554 3059 1.000000
1555 1556 1.000000
1558 3086 1.000000
1559 1560 1.000000
1560 1761 1.000000
1560 2669 1.000000
1561 1562 1.000000
1562 2682 1.000000
1562 2857 1.000000
1563 1757 1.000000
1563 1775 1.000000
1563 2192 1.000000
1564 1565 1.000000
1566 1567 1.000000
1566 1568 1.000000
1567 1767 1.000000
1567 2127 1.000000
1567 2128 1.000000
1568 2755 1.000000
1568 3053 1.000000
1568 3054 1.000000
1570 1571 1.000000
1570 1572 1.000000
1570 1573 1.000000
1571 1774 1.000000
1572 1903 1.000000
1573 2217 1.000000
1573 2218 1.000000
1574 1574 1.000000
1575 1576 1.000000
1578 1579 1.000000
1580 1581 1.000000
1581 1582 1.000000
1583 1584 1.000000
1585 1586 1.000000
1585 1585 1.000000
1587 2224 1.000000
1588 3221 1.000000
1588 3267 1.000000
1589 2834 1.000000
1591 2005 1.000000
1591 2656 1.000000
1592 1593 1.000000
1592 1594 1.000000
1593 1596 1.000000
1594 1596 1.000000
1595 1595 1.000000
1597 1598 1.000000
1599 1600 1.000000
1600 1601 1.000000
1600 3182 1.000000
1601 2285 1.000000
1601 2381 1.000000
1601 2830 1.000000
1601 3182 1.000000
1602 1746 1.000000
1604 1605 1.000000
1606 1607 1.000000
1606 1608 1.000000
1606 1609 1.000000
1608 1610 1.000000
1608 1861 1.000000
1608 2800 1.000000
1609 2467 1.000000
1610 1611 1.000000
1610 1612 1.000000
1610 1613 1.000000
1610 1614 1.000000
1610 1615 1.000000
1610 1616 1.000000
1610 2716 1.000000
1611 1616 1.000000
1612 2716 1.000000
1613 2742 1.000000
1615 2703 1.000000
1615 3193 1.000000
1617 1618 1.000000
1617 1619 1.000000
1617 1620 1.000000
1617 1621 1.000000
1617 1622 1.000000
1617 1623 1.000000
1617 1624 1.000000
1617 1625 1.000000
1617 1626 1.000000
1617 1627 1.000000
1617 1628 1.000000
1617 1629 1.000000
1617 1630 1.000000
1617 1631 1.000000
1617 1632 1.000000
1617 1633 1.000000
1617 1634 1.000000
1617 1635 1.000000
1617 1636 1.000000
1617 1637 1.000000
1617 1638 1.000000
1617 1639 1.000000
1617 1640 1.000000
1617 1641 1.000000
1617 1642 1.000000
1617 1643 1.000000
1617 1644 1.000000
1617 1645 1.000000
1617 1646 1.000000
1617 1647 1.000000
1617 1648 1.000000
1617 1649 1.000000
1617 1650 1.000000
1617 1651 1.000000
1617 1652 1.000000
1617 1653 1.000000
1617 1654 1.000000
1617 1655 1.000000
1618 1961 1.000000
1618 3314 1.000000
1618 3315 1.000000
1619 1756 1.000000
1621 1642 1.000000
1622 2527 1.000000
1623 1637 1.000000
1624 2210 1.000000
1625 2527 1.000000
1626 2527 1.000000
1627 2148 1.000000
1628 1752 1.000000
1628 3249 1.000000
1629 2476 1.000000
1631 2476 1.000000
1632 2476 1.000000
1634 1656 1.000000
1634 1651 1.000000
1635 1752 1.000000
1636 1797 1.000000
1636 1798 1.000000
1636 1799 1.000000
1637 1643 1.000000
1638 1943 1.000000
1639 3086 1.000000
1641 2245 1.000000
1641 2246 1.000000
1641 1698 1.000000
1641 2247 1.000000
1641 1650 1.000000
1643 2125 1.000000
1643 2126 1.000000
1643 2124 1.000000
1643 2068 1.000000
1643 1644 1.000000
1643 1902 1.000000
1643 2526 1.000000
1644 2527 1.000000
1645 1752 1.000000
1646 1751 1.000000
1646 3234 1.000000
1647 2436 1.000000
1647 3266 1.000000
1648 1782 1.000000
1650 1798 1.000000
1650 1650 1.000000
1651 2552 1.000000
1651 2835 1.000000
1652 1678 1.000000
1653 1757 1.000000
1653 1761 1.000000
1654 2527 1.000000
1657 1772 1.000000
1660 1661 1.000000
1660 1662 1.000000
1664 1665 1.000000
1666 1666 1.000000
1667 1668 1.000000
1669 1670 1.000000
1671 1672 1.000000
1671 1673 1.000000
1671 1674 1.000000
1671 2499 1.000000
1671 3128 1.000000
1672 1674 1.000000
1673 1674 1.000000
1673 1675 1.000000
1673 1676 1.000000
1673 2499 1.000000
1674 2499 1.000000
1674 3095 1.000000
1677 2651 1.000000
1679 1680 1.000000
1679 1681 1.000000
1683 1684 1.000000
1683 2936 1.000000
1684 2936 1.000000
1685 1686 1.000000
1686 2748 1.000000
1687 1688 1.000000
1687 1689 1.000000
1687 1690 1.000000
1687 1691 1.000000
1687 1692 1.000000
1689 1944 1.000000
1690 2413 1.000000
1691 1908 1.000000
1691 2413 1.000000
1692 2110 1.000000
1693 1694 1.000000
1696 1697 1.000000
1698 1699 1.000000
1698 1700 1.000000
1699 1700 1.000000
1701 1702 1.000000
1701 1703 1.000000
1701 1704 1.000000
1701 1705 1.000000
1702 1842 1.000000
1702 1919 1.000000
1704 1996 1.000000
1704 2895 1.000000
1705 2413 1.000000
1705 2840 1.000000
1706 2895 1.000000
1709 1710 1.000000
1712 2792 1.000000
1715 1716 1.000000
1715 1717 1.000000
1715 2275 1.000000
1716 2335 1.000000
1718 1719 1.000000
1720 1721 1.000000
1722 3072 1.000000
1723 1724 1.000000
1723 1725 1.000000
1723 1726 1.000000
1723 1727 1.000000
1724 1727 1.000000
1725 1727 1.000000
1726 1884 1.000000
1726 1890 1.000000
1730 3155 1.000000
1731 1732 1.000000
1731 1733 1.000000
1734 1735 1.000000
1734 2782 1.000000
1735 2782 1.000000
1736 2769 1.000000
1737 1738 1.000000
1738 1739 1.000000
1740 1741 1.000000
1742 2929 1.000000
1743 1744 1.000000
1745 2974 1.000000
1746 1939 1.000000
1746 1940 1.000000
1746 1941 1.000000
1746 1942 1.000000
1746 2936 1.000000
1746 3203 1.000000
1747 1747 1.000000
1748 1749 1.000000
1748 1750 1.000000
1752 1753 1.000000
1752 1754 1.000000
1752 1755 1.000000
1753 1902 1.000000
1754 2527 1.000000
1757 1758 1.000000
1757 1759 1.000000
1757 1760 1.000000
1757 1761 1.000000
1758 1794 1.000000
1758 1795 1.000000
1759 1795 1.000000
1760 1775 1.000000
1760 2670 1.000000
1762 1763 1.000000
1762 1764 1.000000
1762 2482 1.000000
1770 1771 1.000000
1772 1773 1.000000
1775 1776 1.000000
1775 1777 1.000000
1775 1778 1.000000
1775 2192 1.000000
1776 2012 1.000000
1777 2192 1.000000
1778 3137 1.000000
1779 1780 1.000000
1779 1781 1.000000
1779 3318 1.000000
1780 3318 1.000000
1780 3321 1.000000
1781 3317 1.000000
1781 3318 1.000000
1781 3321 1.000000
1782 1783 1.000000
1782 1784 1.000000
1782 1785 1.000000
1782 1786 1.000000
1782 1787 1.000000
1783 2730 1.000000
1783 1785 1.000000
1785 2730 1.000000
1788 1789 1.000000
1791 1792 1.000000
1793 1948 1.000000
1794 1795 1.000000
1795 1795 1.000000
1800 1800 1.000000
1801 1802 1.000000
1803 1804 1.000000
1804 2469 1.000000
1804 3258 1.000000
1806 1807 1.000000
1807 1939 1.000000
1808 1809 1.000000
1808 1810 1.000000
1811 2708 1.000000
1812 1813 1.000000
1814 1815 1.000000
1817 1818 1.000000
1817 1819 1.000000
1819 2132 1.000000
1819 2143 1.000000
1819 2537 1.000000
1820 1820 1.000000
1821 1822 1.000000
1821 1823 1.000000
1824 1825 1.000000
1828 2810 1.000000
1830 1831 1.000000
1830 1832 1.000000
1831 2831 1.000000
1833 1833 1.000000
1834 1835 1.000000
1836 1836 1.000000
1838 1839 1.000000
1838 1840 1.000000
1838 1841 1.000000
1840 2098 1.000000
1840 2099 1.000000
1840 2449 1.000000
1841 2139 1.000000
1841 2351 1.000000
1842 2895 1.000000
1843 1844 1.000000
1845 1846 1.000000
1845 1847 1.000000
1845 1848 1.000000
1847 1848 1.000000
1849 1850 1.000000
1850 2628 1.000000
1851 1851 1.000000
1851 1852 1.000000
1852 1853 1.000000
1854 1855 1.000000
1854 2404 1.000000
1854 2987 1.000000
1854 2989 1.000000
1855 2071 1.000000
1855 2989 1.000000
1856 1857 1.000000
1859 1860 1.000000
1859 1861 1.000000
1859 1862 1.000000
1861 2704 1.000000
1861 2705 1.000000
1861 2505 1.000000
1861 2706 1.000000
1861 2707 1.000000
1861 2863 1.000000
1862 3215 1.000000
1862 3216 1.000000
1864 1865 1.000000
1866 1867 1.000000
1869 1870 1.000000
1871 1872 1.000000
1871 1873 1.000000
1872 2719 1.000000
1873 3018 1.000000
1874 1875 1.000000
1875 2105 1.000000
1876 2973 1.000000
1877 1878 1.000000
1877 1879 1.000000
1878 2936 1.000000
1880 1881 1.000000
1880 1882 1.000000
1880 1883 1.000000
1881 1883 1.000000
1881 2348 1.000000
1882 1883 1.000000
1882 2271 1.000000
1883 1884 1.000000
1883 1885 1.000000
1883 1886 1.000000
1883 1883 1.000000
1883 1887 1.000000
1883 1888 1.000000
1883 1889 1.000000
1883 1890 1.000000
1883 1891 1.000000
1883 1892 1.000000
1884 2427 1.000000
1884 2919 1.000000
1890 2428 1.000000
1890 1892 1.000000
1891 2272 1.000000
1891 2274 1.000000
1892 2272 1.000000
1893 1894 1.000000
1894 2808 1.000000
1895 1896 1.000000
1896 2850 1.000000
1897 1898 1.000000
1897 1899 1.000000
1897 1900 1.000000
1901 1902 1.000000
1902 2730 1.000000
1904 1905 1.000000
1905 2362 1.000000
1905 3281 1.000000
1906 1907 1.000000
1908 1909 1.000000
1909 1917 1.000000
1910 1911 1.000000
1910 1912 1.000000
1910 1913 1.000000
1910 1914 1.000000
1910 1915 1.000000
1910 1916 1.000000
1910 1917 1.000000
1910 2413 1.000000
1910 2417 1.000000
1913 2632 1.000000
1914 2413 1.000000
1915 2440 1.000000
1916 2400 1.000000
1916 2576 1.000000
1916 2800 1.000000
1916 1917 1.000000
1916 2417 1.000000
1916 2309 1.000000
1917 2413 1.000000
1917 2632 1.000000
1917 3288 1.000000
1917 2897 1.000000
1917 3289 1.000000
1917 2307 1.000000
1919 2204 1.000000
1921 1922 1.000000
1923 1924 1.000000
1926 1927 1.000000
1930 1931 1.000000
1930 1932 1.000000
1930 1933 1.000000
1930 1934 1.000000
1931 2703 1.000000
1932 1934 1.000000
1935 1936 1.000000
1937 1938 1.000000
1940 2936 1.000000
1940 3203 1.000000
1940 3204 1.000000
1942 2936 1.000000
1944 1945 1.000000
1944 2936 1.000000
1944 2934 1.000000
1946 1947 1.000000
1949 1950 1.000000
1950 3222 1.000000
1951 1952 1.000000
1952 2242 1.000000
1953 1954 1.000000
1956 2914 1.000000
1957 1958 1.000000
1959 2936 1.000000
1960 1961 1.000000
1961 1962 1.000000
1961 2126 1.000000
1961 2124 1.000000
1961 2068 1.000000
1961 2281 1.000000
1961 2282 1.000000
1961 2283 1.000000
1961 2284 1.000000
1963 1964 1.000000
1963 3316 1.000000
1964 2628 1.000000
1964 2711 1.000000
1964 3315 1.000000
1964 3316 1.000000
1965 1966 1.000000
1967 1968 1.000000
1969 1970 1.000000
1971 1972 1.000000
1971 1973 1.000000
1972 1973 1.000000
1972 2211 1.000000
1974 1975 1.000000
1976 1977 1.000000
1976 3315 1.000000
1978 1979 1.000000
1978 1980 1.000000
1982 3281 1.000000
1984 1985 1.000000
1986 2140 1.000000
1990 1990 1.000000
1992 1993 1.000000
1995 1995 1.000000
1996 2654 1.000000
1997 1998 1.000000
1998 2974 1.000000
1999 2000 1.000000
1999 2001 1.000000
2000 2062 1.000000
2000 2344 1.000000
2002 2002 1.000000
2003 2004 1.000000
2006 2007 1.000000
2006 2008 1.000000
2007 2008 1.000000
2009 2010 1.000000
2013 2014 1.000000
2013 2262 1.000000
2015 2016 1.000000
2015 2017 1.000000
2016 2640 1.000000
2017 2261 1.000000
2019 2020 1.000000
2021 2022 1.000000
2023 2024 1.000000
2023 2025 1.000000
2024 2192 1.000000
2026 2027 1.000000
2026 2028 1.000000
2029 2029 1.000000
2030 2031 1.000000
2032 2033 1.000000
2033 2868 1.000000
2035 2036 1.000000
2035 2037 1.000000
2037 2652 1.000000
2039 2040 1.000000
2040 3259 1.000000
2040 3260 1.000000
2040 3261 1.000000
2041 2042 1.000000
2041 2041 1.000000
2042 2887 1.000000
2043 2044 1.000000
2045 2045 1.000000
2045 2607 1.000000
2046 2047 1.000000
2048 2049 1.000000
2049 2088 1.000000
2050 2051 1.000000
2050 2052 1.000000
2051 2262 1.000000
2052 2460 1.000000
2052 2461 1.000000
2054 2055 1.000000
2056 2057 1.000000
2057 2233 1.000000
2058 2059 1.000000
2058 2277 1.000000
2060 2061 1.000000
2060 2062 1.000000
2060 2936 1.000000
2063 2064 1.000000
2068 2126 1.000000
2069 2070 1.000000
2073 2073 1.000000
2074 3091 1.000000
2075 2076 1.000000
2075 2077 1.000000
2075 2078 1.000000
2075 2079 1.000000
2075 2080 1.000000
2076 2079 1.000000
2078 2079 1.000000
2079 2081 1.000000
2080 3007 1.000000
2080 2580 1.000000
2082 2083 1.000000
2084 2085 1.000000
2085 2239 1.000000
2086 2335 1.000000
2087 2088 1.000000
2088 2222 1.000000
2089 2090 1.000000
2089 2091 1.000000
2089 2092 1.000000
2089 2093 1.000000
2090 3072 1.000000
2090 3074 1.000000
2091 3135 1.000000
2094 2095 1.000000
2094 2096 1.000000
2098 2449 1.000000
2100 2101 1.000000
2102 2103 1.000000
2105 2106 1.000000
2105 2107 1.000000
2108 2109 1.000000
2110 2111 1.000000
2110 2112 1.000000
2110 2113 1.000000
2113 2936 1.000000
2113 2979 1.000000
2114 2756 1.000000
2116 2117 1.000000
2117 2692 1.000000
2118 2119 1.000000
2122 2123 1.000000
2124 2125 1.000000
2125 2506 1.000000
2129 2130 1.000000
2129 2131 1.000000
2133 2134 1.000000
2133 2135 1.000000
2133 2694 1.000000
2134 3136 1.000000
2135 2272 1.000000
2136 2137 1.000000
2136 2138 1.000000
2137 2689 1.000000
2140 2141 1.000000
2144 2145 1.000000
2146 2147 1.000000
2149 2272 1.000000
2149 2936 1.000000
2150 2150 1.000000
2151 2973 1.000000
2152 2153 1.000000
2152 2154 1.000000
2152 2155 1.000000
2153 2154 1.000000
2157 2158 1.000000
2160 2161 1.000000
2162 2163 1.000000
2163 2340 1.000000
2163 2841 1.000000
2163 2344 1.000000
2164 2165 1.000000
2166 2167 1.000000
2166 2168 1.000000
2167 2476 1.000000
2170 2171 1.000000
2170 2172 1.000000
2170 2173 1.000000
2172 2648 1.000000
2173 2750 1.000000
2175 2176 1.000000
2175 2177 1.000000
2178 2179 1.000000
2181 2182 1.000000
2183 2184 1.000000
2186 2187 1.000000
2186 2188 1.000000
2186 2832 1.000000
2188 2832 1.000000
2189 2190 1.000000
2189 2191 1.000000
2189 2936 1.000000
2189 3128 1.000000
2190 2936 1.000000
2191 2936 1.000000
2192 2223 1.000000
2193 2194 1.000000
2195 2196 1.000000
2195 2197 1.000000
2195 2198 1.000000
2196 2197 1.000000
2199 2200 1.000000
2201 2201 1.000000
2202 2203 1.000000
2205 2205 1.000000
2205 2206 1.000000
2205 2207 1.000000
2205 2208 1.000000
2206 2209 1.000000
2214 2215 1.000000
2214 2216 1.000000
2220 2933 1.000000
2220 2935 1.000000
2225 2226 1.000000
2227 2228 1.000000
2229 2230 1.000000
2231 2232 1.000000
2234 2235 1.000000
2236 2237 1.000000
2238 2238 1.000000
2238 2519 1.000000
2240 2241 1.000000
2243 2244 1.000000
2248 2249 1.000000
2251 2252 1.000000
2251 2253 1.000000
2254 2255 1.000000
2255 3118 1.000000
2256 2612 1.000000
2257 2258 1.000000
2259 2260 1.000000
2261 2262 1.000000
2262 2263 1.000000
2263 3045 1.000000
2264 2265 1.000000
2264 2266 1.000000
2264 2267 1.000000
2264 2268 1.000000
2264 2269 1.000000
2266 2269 1.000000
2271 2274 1.000000
2271 2348 1.000000
2272 2273 1.000000
2275 2276 1.000000
2276 3181 1.000000
2278 2279 1.000000
2281 2527 1.000000
2281 2284 1.000000
2282 2673 1.000000
2283 3188 1.000000
2284 2284 1.000000
2287 3315 1.000000
2287 3316 1.000000
2288 2289 1.000000
2290 2291 1.000000
2290 2292 1.000000
2294 2295 1.000000
2296 2297 1.000000
2297 2297 1.000000
2297 2298 1.000000
2301 2302 1.000000
2303 2304 1.000000
2305 2305 1.000000
2305 2958 1.000000
2306 2417 1.000000
2307 2413 1.000000
2307 2936 1.000000
2307 2934 1.000000
2307 3290 1.000000
2307 2417 1.000000
2309 2417 1.000000
2310 2311 1.000000
2310 2310 1.000000
2310 2312 1.000000
2312 2312 1.000000
2312 2313 1.000000
2312 2325 1.000000
2313 2766 1.000000
2315 2316 1.000000
2316 3151 1.000000
2316 3152 1.000000
2317 2318 1.000000
2317 2319 1.000000
2320 2321 1.000000
2320 2322 1.000000
2320 3236 1.000000
2323 2324 1.000000
2323 2325 1.000000
2325 2326 1.000000
2327 2328 1.000000
2329 2330 1.000000
2329 2331 1.000000
2332 3013 1.000000
2332 3014 1.000000
2336 2337 1.000000
2336 2395 1.000000
2338 2339 1.000000
2338 2340 1.000000
2340 2341 1.000000
2340 2342 1.000000
2340 2343 1.000000
2340 2344 1.000000
2340 2345 1.000000
2340 2346 1.000000
2340 2347 1.000000
2340 2427 1.000000
2342 2841 1.000000
2342 2344 1.000000
2343 2841 1.000000
2343 2344 1.000000
2344 2494 1.000000
2344 2858 1.000000
2344 2859 1.000000
2344 2860 1.000000
2344 2936 1.000000
2344 2934 1.000000
2345 3077 1.000000
2347 2544 1.000000
2347 3290 1.000000
2347 2957 1.000000
2352 2877 1.000000
2353 2354 1.000000
2353 2355 1.000000
2354 2355 1.000000
2356 2357 1.000000
2357 2364 1.000000
2360 2361 1.000000
2362 2363 1.000000
2364 3090 1.000000
2368 2369 1.000000
2368 2451 1.000000
2372 2373 1.000000
2374 2375 1.000000
2374 2376 1.000000
2375 3148 1.000000
2376 3148 1.000000
2377 2378 1.000000
2378 2379 1.000000
2378 2960 1.000000
2379 2380 1.000000
2381 2382 1.000000
2381 2383 1.000000
2381 3182 1.000000
2382 2383 1.000000
2384 2385 1.000000
2386 2387 1.000000
2388 2389 1.000000
2390 2391 1.000000
2390 2392 1.000000
2391 2500 1.000000
2391 2906 1.000000
2391 2907 1.000000
2391 2908 1.000000
2392 2906 1.000000
2392 2907 1.000000
2394 2395 1.000000
2394 2396 1.000000
2394 2397 1.000000
2395 2396 1.000000
2397 3268 1.000000
2398 2399 1.000000
2398 2400 1.000000
2399 2632 1.000000
2400 2427 1.000000
2405 2406 1.000000
2408 2409 1.000000
2408 3197 1.000000
2410 2410 1.000000
2411 2412 1.000000
2412 2842 1.000000
2412 2887 1.000000
2413 2414 1.000000
2413 2415 1.000000
2413 2416 1.000000
2413 2417 1.000000
2415 2418 1.000000
2415 2417 1.000000
2416 2426 1.000000
2416 2603 1.000000
2416 2978 1.000000
2416 3193 1.000000
2417 3293 1.000000
2417 2418 1.000000
2417 3209 1.000000
2417 3226 1.000000
2418 2800 1.000000
2419 2419 1.000000
2420 2465 1.000000
2420 2466 1.000000
2422 2920 1.000000
2423 2920 1.000000
2424 2967 1.000000
2424 2425 1.000000
2427 2428 1.000000
2427 2429 1.000000
2428 2918 1.000000
2429 2781 1.000000
2432 2433 1.000000
2432 2434 1.000000
2434 2435 1.000000
2437 2438 1.000000
2437 2439 1.000000
2438 2439 1.000000
2441 2442 1.000000
2444 2445 1.000000
2446 2447 1.000000
2446 2448 1.000000
2449 2450 1.000000
2450 2784 1.000000
2451 2453 1.000000
2452 2453 1.000000
2454 2455 1.000000
2458 2459 1.000000
2467 2642 1.000000
2467 2643 1.000000
2467 2644 1.000000
2469 2470 1.000000
2469 2471 1.000000
2469 2472 1.000000
2470 2473 1.000000
2470 2471 1.000000
2470 2472 1.000000
2474 2475 1.000000
2477 2478 1.000000
2479 2479 1.000000
2480 2481 1.000000
2484 2485 1.000000
2484 2509 1.000000
2485 2509 1.000000
2486 2487 1.000000
2488 2489 1.000000
2494 2936 1.000000
2495 2496 1.000000
2495 2922 1.000000
2496 2922 1.000000
2497 2498 1.000000
2502 2502 1.000000
2503 2504 1.000000
2506 2507 1.000000
2506 2508 1.000000
2509 2510 1.000000
2509 2511 1.000000
2509 2512 1.000000
2512 2514 1.000000
2513 2513 1.000000
2514 2517 1.000000
2515 2516 1.000000
2520 2521 1.000000
2521 2522 1.000000
2521 2831 1.000000
2522 2523 1.000000
2523 2611 1.000000
2527 2528 1.000000
2528 2528 1.000000
2529 2530 1.000000
2530 2701 1.000000
2531 2532 1.000000
2533 2534 1.000000
2533 2535 1.000000
2533 2536 1.000000
2534 2769 1.000000
2536 2769 1.000000
2538 2539 1.000000
2538 2540 1.000000
2544 2957 1.000000
2546 2547 1.000000
2546 2548 1.000000
2546 2549 1.000000
2547 2548 1.000000
2550 2551 1.000000
2551 3207 1.000000
2552 2556 1.000000
2554 2555 1.000000
2557 2558 1.000000
2558 3062 1.000000
2560 2561 1.000000
2560 2562 1.000000
2564 2565 1.000000
2565 3277 1.000000
2566 2567 1.000000
2568 2569 1.000000
2570 2571 1.000000
2573 2573 1.000000
2574 2575 1.000000
2576 2936 1.000000
2577 2578 1.000000
2579 2580 1.000000
2581 2582 1.000000
2583 2587 1.000000
2584 2585 1.000000
2584 2586 1.000000
2585 2586 1.000000
2587 2588 1.000000
2587 2589 1.000000
2587 2590 1.000000
2587 2591 1.000000
2587 2592 1.000000
2587 2593 1.000000
2587 2594 1.000000
2588 2594 1.000000
2595 2596 1.000000
2598 2599 1.000000
2598 2600 1.000000
2599 3099 1.000000
2600 3099 1.000000
2602 2602 1.000000
2604 2605 1.000000
2608 2609 1.000000
2610 2611 1.000000
2610 3033 1.000000
2611 2827 1.000000
2611 3117 1.000000
2611 3118 1.000000
2612 2613 1.000000
2612 2614 1.000000
2612 2615 1.000000
2616 2617 1.000000
2619 2619 1.000000
2620 2621 1.000000
2623 2624 1.000000
2625 2626 1.000000
2627 2627 1.000000
2630 2631 1.000000
2630 2650 1.000000
2630 2936 1.000000
2631 2650 1.000000
2631 2936 1.000000
2631 3206 1.000000
2633 2634 1.000000
2634 2635 1.000000
2634 2636 1.000000
2637 2638 1.000000
2637 2639 1.000000
2639 2988 1.000000
2641 2642 1.000000
2641 2643 1.000000
2641 2644 1.000000
2642 2643 1.000000
2646 2647 1.000000
2649 2650 1.000000
2651 2652 1.000000
2653 2936 1.000000
2654 2655 1.000000
2657 2658 1.000000
2659 2659 1.000000
2660 2660 1.000000
2662 2663 1.000000
2663 2855 1.000000
2663 2906 1.000000
2663 2907 1.000000
2663 2908 1.000000
2664 2665 1.000000
2664 2666 1.000000
2666 2974 1.000000
2667 2668 1.000000
2669 2670 1.000000
2669 2671 1.000000
2672 2673 1.000000
2672 2674 1.000000
2675 2676 1.000000
2675 2677 1.000000
2675 2678 1.000000
2675 2679 1.000000
2675 2680 1.000000
2680 3180 1.000000
2681 2868 1.000000
2683 2684 1.000000
2685 2686 1.000000
2688 2688 1.000000
2690 2691 1.000000
2694 2695 1.000000
2694 2696 1.000000
2694 2697 1.000000
2698 2699 1.000000
2698 2700 1.000000
2707 3031 1.000000
2707 3032 1.000000
2709 2710 1.000000
2714 2715 1.000000
2717 2718 1.000000
2719 2720 1.000000
2719 2721 1.000000
2722 2723 1.000000
2722 2722 1.000000
2724 2725 1.000000
2725 2726 1.000000
2725 2725 1.000000
2726 2727 1.000000
2726 2729 1.000000
2727 2728 1.000000
2729 2936 1.000000
2730 2731 1.000000
2730 2732 1.000000
2730 2733 1.000000
2733 2911 1.000000
2734 2735 1.000000
2735 2737 1.000000
2735 2882 1.000000
2737 2883 1.000000
2738 2739 1.000000
2739 3227 1.000000
2742 2743 1.000000
2742 2895 1.000000
2743 2895 1.000000
2744 3017 1.000000
2748 2749 1.000000
2750 2751 1.000000
2750 2752 1.000000
2753 2754 1.000000
2756 2757 1.000000
2757 3234 1.000000
2759 2760 1.000000
2760 3190 1.000000
2762 2763 1.000000
2764 2765 1.000000
2769 2770 1.000000
2769 2771 1.000000
2772 2773 1.000000
2772 3196 1.000000
2774 2775 1.000000
2776 2777 1.000000
2779 2780 1.000000
2782 2783 1.000000
2786 2787 1.000000
2788 2789 1.000000
2788 2790 1.000000
2788 2791 1.000000
2793 2794 1.000000
2793 2795 1.000000
2793 2796 1.000000
2793 2797 1.000000
2793 2798 1.000000
2794 2797 1.000000
2796 2797 1.000000
2797 2799 1.000000
2800 2936 1.000000
2801 2802 1.000000
2803 2804 1.000000
2806 2807 1.000000
2806 2886 1.000000
2807 3161 1.000000
2810 2811 1.000000
2810 2812 1.000000
2811 2812 1.000000
2811 3118 1.000000
2811 3120 1.000000
2812 3118 1.000000
2812 3120 1.000000
2813 2814 1.000000
2813 2815 1.000000
2816 2817 1.000000
2818 2819 1.000000
2820 2821 1.000000
2820 2822 1.000000
2821 2822 1.000000
2823 2824 1.000000
2825 2826 1.000000
2827 2828 1.000000
2827 2829 1.000000
2828 2829 1.000000
2829 2915 1.000000
2832 2833 1.000000
2837 2838 1.000000
2839 2840 1.000000
2840 3185 1.000000
2844 2845 1.000000
2846 2847 1.000000
2846 2849 1.000000
2847 2849 1.000000
2848 2849 1.000000
2850 2851 1.000000
2852 2853 1.000000
2853 3273 1.000000
2854 2854 1.000000
2856 2856 1.000000
2859 2936 1.000000
2859 2934 1.000000
2861 2862 1.000000
2861 2863 1.000000
2863 2970 1.000000
2863 3120 1.000000
2864 2865 1.000000
2866 2867 1.000000
2868 2869 1.000000
2868 2870 1.000000
2868 2871 1.000000
2868 2872 1.000000
2868 2873 1.000000
2868 2874 1.000000
2868 2875 1.000000
2868 2876 1.000000
2868 2877 1.000000
2868 2878 1.000000
2868 2879 1.000000
2868 2926 1.000000
2869 3183 1.000000
2870 3118 1.000000
2878 2879 1.000000
2879 3118 1.000000
2879 3157 1.000000
2879 3326 1.000000
2881 2881 1.000000
2882 2883 1.000000
2883 2884 1.000000
2883 2885 1.000000
2888 2889 1.000000
2888 2890 1.000000
2888 2891 1.000000
2889 2890 1.000000
2889 2891 1.000000
2893 2894 1.000000
2894 3118 1.000000
2895 2896 1.000000
2895 2897 1.000000
2895 2898 1.000000
2897 2936 1.000000
2899 3161 1.000000
2900 2901 1.000000
2901 2902 1.000000
2903 2904 1.000000
2906 2907 1.000000
2906 2908 1.000000
2907 2908 1.000000
2908 3069 1.000000
2908 2908 1.000000
2909 2910 1.000000
2910 3084 1.000000
2912 2913 1.000000
2914 2915 1.000000
2916 2917 1.000000
2922 2923 1.000000
2922 2924 1.000000
2927 2928 1.000000
2931 2932 1.000000
2931 3225 1.000000
2933 2934 1.000000
2933 2935 1.000000
2934 2955 1.000000
2934 2956 1.000000
2934 2958 1.000000
2936 2937 1.000000
2936 2938 1.000000
2936 2939 1.000000
2936 2940 1.000000
2936 2941 1.000000
2936 2942 1.000000
2936 2943 1.000000
2936 2944 1.000000
2936 2945 1.000000
2936 2946 1.000000
2936 2947 1.000000
2936 2948 1.000000
2936 2949 1.000000
2936 2950 1.000000
2936 2951 1.000000
2936 2952 1.000000
2936 2953 1.000000
2936 2954 1.000000
2936 2955 1.000000
2936 2956 1.000000
2936 2957 1.000000
2942 2954 1.000000
2953 3113 1.000000
2960 2961 1.000000
2962 2963 1.000000
2962 2964 1.000000
2963 2965 1.000000
2968 2969 1.000000
2970 3118 1.000000
2971 2972 1.000000
2973 2974 1.000000
2975 2976 1.000000
2977 2977 1.000000
2979 2980 1.000000
2979 2995 1.000000
2984 2985 1.000000
2986 2986 1.000000
2987 2989 1.000000
2987 3000 1.000000
2987 3003 1.000000
2989 2989 1.000000
2990 2991 1.000000
2990 2992 1.000000
2990 2993 1.000000
2990 2994 1.000000
2991 2994 1.000000
2991 3067 1.000000
2993 2994 1.000000
2993 3067 1.000000
2995 2996 1.000000
2995 2997 1.000000
2995 2998 1.000000
3000 3001 1.000000
3000 3002 1.000000
3000 3003 1.000000
3004 3005 1.000000
3004 3006 1.000000
3009 3010 1.000000
3011 3012 1.000000
3015 3016 1.000000
3019 3020 1.000000
3019 3021 1.000000
3019 3022 1.000000
3019 3023 1.000000
3020 3022 1.000000
3025 3025 1.000000
3027 3028 1.000000
3029 3030 1.000000
3031 3032 1.000000
3034 3035 1.000000
3036 3037 1.000000
3037 3038 1.000000
3039 3040 1.000000
3045 3046 1.000000
3045 3047 1.000000
3045 3120 1.000000
3046 3047 1.000000
3051 3132 1.000000
3053 3053 1.000000
3053 3054 1.000000
3055 3056 1.000000
3055 3057 1.000000
3055 3058 1.000000
3055 3292 1.000000
3056 3292 1.000000
3057 3058 1.000000
3057 3292 1.000000
3058 3292 1.000000
3060 3061 1.000000
3064 3065 1.000000
3064 3066 1.000000
3070 3071 1.000000
3072 3073 1.000000
3073 3154 1.000000
3076 3077 1.000000
3078 3079 1.000000
3080 3081 1.000000
3082 3124 1.000000
3083 3084 1.000000
3085 3085 1.000000
3088 3089 1.000000
3093 3094 1.000000
3095 3096 1.000000
3100 3101 1.000000
3102 3103 1.000000
3102 3104 1.000000
3103 3104 1.000000
3104 3105 1.000000
3106 3107 1.000000
3106 3108 1.000000
3109 3110 1.000000
3111 3112 1.000000
3112 3251 1.000000
3112 3252 1.000000
3114 3115 1.000000
3114 3116 1.000000
3115 3321 1.000000
3117 3118 1.000000
3118 3119 1.000000
3118 3118 1.000000
3118 3120 1.000000
3121 3121 1.000000
3122 3123 1.000000
3123 3123 1.000000
3125 3126 1.000000
3126 3127 1.000000
3130 3131 1.000000
3130 3277 1.000000
3131 3132 1.000000
3134 3134 1.000000
3138 3139 1.000000
3140 3141 1.000000
3143 3144 1.000000
3145 3146 1.000000
3150 3150 1.000000
3159 3160 1.000000
3161 3162 1.000000
3166 3167 1.000000
3167 3168 1.000000
3170 3171 1.000000
3171 3172 1.000000
3171 3175 1.000000
3177 3177 1.000000
3178 3179 1.000000
3183 3184 1.000000
3189 3190 1.000000
3191 3192 1.000000
3194 3195 1.000000
3197 3198 1.000000
3197 3199 1.000000
3197 3200 1.000000
3200 3272 1.000000
3201 3202 1.000000
3203 3204 1.000000
3203 3205 1.000000
3211 3212 1.000000
3213 3214 1.000000
3219 3220 1.000000
3223 3224 1.000000
3226 3226 1.000000
3228 3229 1.000000
3228 3230 1.000000
3229 3230 1.000000
3231 3232 1.000000
3231 3233 1.000000
3236 3237 1.000000
3236 3238 1.000000
3239 3240 1.000000
3241 3242 1.000000
3242 3243 1.000000
3247 3248 1.000000
3247 3249 1.000000
3248 3250 1.000000
3248 3249 1.000000
3252 3253 1.000000
3254 3255 1.000000
3262 3263 1.000000
3264 3265 1.000000
3266 3267 1.000000
3270 3271 1.000000
3273 3274 1.000000
3275 3276 1.000000
3278 3279 1.000000
3281 3282 1.000000
3281 3283 1.000000
3284 3285 1.000000
3286 3287 1.000000
3290 3299 1.000000
3296 3296 1.000000
3297 3298 1.000000
3300 3301 1.000000
3302 3303 1.000000
3305 3306 1.000000
3307 3308 1.000000
3307 3309 1.000000
3310 3311 1.000000
3312 3313 1.000000
3317 3321 1.000000
3319 3320 1.000000
3322 3323 1.000000
